1.000000000000000048e-04 5.846701304663043857e+02 8.067486754723715421e+04
1.023292992280753577e-04 5.902571435459404938e+02 8.066938126534850744e+04
1.047128548050899619e-04 5.958972415969055874e+02 8.066384279924015573e+04
1.071519305237605887e-04 6.030518520997567293e+02 8.065685015717396163e+04
1.096478196143185150e-04 6.088276863559200365e+02 8.065117895885060716e+04
1.122018454301963009e-04 6.146587570751684098e+02 8.064545351235386624e+04
1.148153621496882939e-04 6.205456378939718434e+02 8.063967326738979318e+04
1.174897554939529059e-04 6.264889024398773927e+02 8.063383767367291148e+04
1.202264434617413111e-04 6.324889807879559385e+02 8.062794631863204995e+04
1.230268770812381065e-04 6.385465900916003648e+02 8.062199851429357659e+04
1.258925411794167436e-04 6.446620168651024869e+02 8.061599398580873094e+04
1.288249551693133660e-04 6.508358347009236695e+02 8.060993218292633537e+04
1.318256738556407401e-04 6.570677590205297065e+02 8.060367179055123415e+04
1.348962882591653344e-04 6.633603455619016813e+02 8.059749227508912736e+04
1.380384264602885192e-04 6.697131871257919329e+02 8.059125369713062537e+04
1.412537544622754072e-04 6.761267137206993993e+02 8.058495564416958950e+04
1.445439770745927987e-04 6.826016424288510507e+02 8.057859742830137839e+04
1.479108388168207295e-04 6.891384032396997554e+02 8.057217863703820331e+04
1.513561248436208798e-04 6.957378567559110252e+02 8.056569844479233143e+04
1.548816618912481058e-04 7.023989781112155697e+02 8.055900618274307635e+04
1.584893192461114190e-04 7.091252269366273140e+02 8.055240057809355494e+04
1.621810097358929842e-04 7.159157450969821639e+02 8.054573206001133076e+04
1.659586907437561511e-04 7.227711060681249364e+02 8.053900007835860015e+04
1.698243652461744297e-04 7.296920268545674162e+02 8.053220394530642079e+04
1.737800828749376319e-04 7.366777806985559209e+02 8.052518515873569413e+04
1.778279410038922698e-04 7.437316596621233202e+02 8.051825770132438629e+04
1.819700858609982642e-04 7.508531054944271546e+02 8.051126416714789229e+04
1.862087136662867555e-04 7.580411590298506326e+02 8.050404124580856296e+04
1.905460717963248141e-04 7.652994323094935680e+02 8.049691267555250670e+04
1.949844599758045584e-04 7.726269923062907310e+02 8.048971637869199913e+04
1.995262314968878758e-04 7.800246994718448832e+02 8.048245152978601982e+04
2.041737944669529570e-04 7.874913305302360413e+02 8.047494878312270157e+04
2.089296130854038740e-04 7.950308804432908119e+02 8.046754408705054084e+04
2.137962089502232373e-04 8.026427278078051586e+02 8.046006877616746351e+04
2.187761623949551837e-04 8.103255511748388926e+02 8.045234856829306227e+04
2.238721138568339957e-04 8.180835404325262061e+02 8.044472928614392004e+04
2.290867652767772324e-04 8.259138669115842504e+02 8.043686002838778950e+04
2.344228815319922591e-04 8.338207201253123912e+02 8.042909416376973968e+04
2.398832919019489897e-04 8.418033105997170651e+02 8.042125438454761752e+04
2.454708915685031270e-04 8.498601392445353895e+02 8.041315777598381101e+04
2.511886431509579545e-04 8.579958922306932436e+02 8.040516729076916818e+04
2.570395782768864759e-04 8.662073826757127790e+02 8.039691476551638334e+04
2.630267991895381412e-04 8.744993068766816577e+02 8.038877068813133519e+04
2.691534803926916666e-04 8.828684654854918108e+02 8.038035936242183379e+04
2.754228703338166195e-04 8.913197129491538817e+02 8.037205866917676758e+04
2.818382931264455009e-04 8.998494023102804249e+02 8.036348579717705434e+04
2.884031503126605490e-04 9.084625507764095573e+02 8.035502601533698908e+04
2.951209226666386826e-04 9.171557767628993361e+02 8.034628871376295865e+04
3.019951720402015813e-04 9.259321062877697841e+02 8.033746665935125202e+04
3.090295432513592063e-04 9.347946072946139111e+02 8.032876137968612602e+04
3.162277660168379394e-04 9.437391963688069154e+02 8.031977036543907889e+04
3.235936569296281036e-04 9.527716201356732881e+02 8.031089830213005189e+04
3.311311214825911017e-04 9.618879045397742402e+02 8.030173503235777025e+04
3.388441561392027332e-04 9.710911544910684370e+02 8.029248330544331111e+04
3.467368504525316893e-04 9.803849609704087698e+02 8.028335420419753063e+04
3.548133892335753221e-04 9.897646280891182187e+02 8.027392569256840216e+04
3.630780547701014001e-04 9.992338356514843554e+02 8.026440625403526064e+04
3.715352290971728048e-04 1.008793441589702866e+03 8.025479506572696846e+04
3.801893963205612366e-04 1.018446817030322450e+03 8.024531222014279047e+04
3.890451449942804976e-04 1.028189564894096293e+03 8.023551779674348654e+04
3.981071705534973523e-04 1.038025285482983691e+03 8.022562915434919705e+04
4.073802778041126058e-04 1.047954693009494349e+03 8.021564560796998558e+04
4.168693834703355054e-04 1.057981812320992276e+03 8.020579542068374576e+04
4.265795188015925705e-04 1.068101659252886975e+03 8.019562163944388158e+04
4.365158322401661091e-04 1.078317910417490339e+03 8.018535034788434859e+04
4.466835921509630485e-04 1.088631566854642188e+03 8.017498058585995750e+04
4.570881896148752048e-04 1.099043486029205269e+03 8.016451153096345661e+04
4.677351412871981343e-04 1.109554668863927191e+03 8.015394222316608648e+04
4.786300923226385375e-04 1.120166116220842923e+03 8.014327170249915798e+04
4.897788193684460972e-04 1.130878541874965549e+03 8.013249928440742951e+04
5.011872336272725275e-04 1.141693090082332446e+03 8.012162387136374309e+04
5.128613839913648362e-04 1.152610761521887298e+03 8.011064450358125032e+04
5.248074602497722861e-04 1.163632269789099610e+03 8.009956049668246123e+04
5.370317963702527170e-04 1.174758902460021773e+03 8.008837061565510521e+04
5.495408738576247707e-04 1.185991660022417136e+03 8.007707390090133413e+04
5.623413251903490971e-04 1.197331255884240136e+03 8.006566966822951508e+04
5.754399373371566406e-04 1.208778690408303419e+03 8.005415695816562220e+04
5.888436553555889425e-04 1.220335107396832200e+03 8.004253467363171512e+04
6.025595860743581137e-04 1.232001794086072096e+03 8.003080157995106129e+04
6.165950018614822694e-04 1.243779607126344899e+03 8.001895685552334180e+04
6.309573444801929842e-04 1.255669403103743662e+03 8.000699967881149496e+04
6.456542290346555619e-04 1.267672469044553736e+03 7.999492881534618209e+04
6.606934480075964729e-04 1.279785067982853889e+03 7.998246547612764698e+04
6.760829753919818602e-04 1.292017447606018777e+03 7.997016206743739895e+04
6.918309709189362274e-04 1.304366239157908922e+03 7.995774195857557061e+04
7.079457843841380172e-04 1.316832585854300532e+03 7.994520405304319866e+04
7.244359600749898306e-04 1.329412679723880046e+03 7.993225832945466391e+04
7.413102413009177395e-04 1.342117191584982947e+03 7.991947938970819814e+04
7.585775750291835285e-04 1.354942543058793717e+03 7.990657950319633528e+04
7.762471166286919301e-04 1.367884638651331443e+03 7.989326013667466759e+04
7.943282347242813140e-04 1.380954863052050996e+03 7.988011278300645063e+04
8.128305161640994808e-04 1.394149497725811671e+03 7.986684105794888455e+04
8.317637711026708769e-04 1.407464003588605010e+03 7.985313806755820406e+04
8.511380382023767902e-04 1.420910360672874276e+03 7.983961230650388461e+04
8.709635899560805045e-04 1.434479088609708015e+03 7.982564660772509524e+04
8.912509381337459322e-04 1.448182736846865055e+03 7.981186146993053262e+04
9.120108393559096371e-04 1.462010101075600232e+03 7.979762883037344727e+04
9.332543007969905120e-04 1.475974886492051837e+03 7.978358062777928717e+04
9.549925860214359069e-04 1.490065300211612794e+03 7.976907681607670384e+04
9.772372209558110971e-04 1.504290031093341440e+03 7.975443285851925611e+04
1.000000000000000021e-03 1.518656817234286336e+03 7.973997893096561893e+04
1.023292992280753523e-03 1.533153150510258456e+03 7.972505560005512962e+04
1.047128548050899619e-03 1.547785204491036893e+03 7.970999077917495742e+04
1.071519305237607052e-03 1.562563962157343667e+03 7.969512156554123794e+04
1.096478196143185150e-03 1.577476168756647439e+03 7.967976917278721521e+04
1.122018454301963036e-03 1.592529802381993022e+03 7.966426981823262759e+04
1.148153621496882885e-03 1.607726285874716268e+03 7.964862213782667823e+04
1.174897554939530360e-03 1.623074267153351457e+03 7.963317926246760180e+04
1.202264434617413003e-03 1.638559428442786384e+03 7.961723583737279114e+04
1.230268770812381228e-03 1.654190274482549057e+03 7.960114136934955604e+04
1.258925411794167490e-03 1.669971096594021219e+03 7.958489174256315164e+04
1.288249551693134961e-03 1.685900447456380334e+03 7.956848834644224553e+04
1.318256738556407509e-03 1.701979748805859344e+03 7.955192981805186719e+04
1.348962882591653182e-03 1.718213291235535280e+03 7.953521204228526040e+04
1.380384264602885300e-03 1.734598192418132157e+03 7.951833778524580703e+04
1.412537544622755482e-03 1.751138742510845077e+03 7.950130293226467620e+04
1.445439770745927987e-03 1.767836362357907319e+03 7.948410612130165100e+04
1.479108388168207241e-03 1.784691038142531170e+03 7.946674736664038210e+04
1.513561248436207226e-03 1.801704190343969685e+03 7.944922530661047495e+04
1.548816618912481112e-03 1.818870998937127524e+03 7.943113802808006585e+04
1.584893192461114082e-03 1.836208061315212490e+03 7.941327892897264974e+04
1.621810097358929734e-03 1.853707857722658446e+03 7.939525244357205520e+04
1.659586907437559777e-03 1.871374676396138057e+03 7.937705445912355208e+04
1.698243652461744243e-03 1.889197227136519132e+03 7.935827299139028764e+04
1.737800828749376265e-03 1.907197862776293732e+03 7.933972847490952699e+04
1.778279410038922752e-03 1.925368340944980673e+03 7.932100975749081408e+04
1.819700858609982642e-03 1.943701089454190878e+03 7.930168877115211217e+04
1.862087136662867555e-03 1.962215317878421502e+03 7.928261400109398528e+04
1.905460717963248195e-03 1.980894236678285324e+03 7.926292588378180517e+04
1.949844599758045584e-03 1.999759310882015598e+03 7.924348826037251274e+04
1.995262314968878920e-03 2.018791482423335992e+03 7.922342622607937665e+04
2.041737944669529733e-03 2.038014495406596552e+03 7.920361895115254447e+04
2.089296130854040746e-03 2.057405565227451916e+03 7.918317759251018288e+04
2.137962089502232644e-03 2.076978797624811705e+03 7.916254147092597850e+04
2.187761623949552054e-03 2.096749218376518456e+03 7.914216778286735644e+04
2.238721138568339902e-03 2.116692676892233067e+03 7.912114148359176761e+04
2.290867652767774546e-03 2.136823955028334694e+03 7.909991500240133610e+04
2.344228815319922537e-03 2.157157360656020956e+03 7.907895997412026918e+04
2.398832919019489897e-03 2.177667317872007970e+03 7.905733522026089486e+04
2.454708915685031162e-03 2.198370748061236554e+03 7.903550486928723694e+04
2.511886431509582039e-03 2.219269055575275615e+03 7.901346757701388560e+04
2.570395782768864542e-03 2.240362210570039679e+03 7.899122337515356776e+04
2.630267991895381303e-03 2.261653050382336005e+03 7.896876954487616604e+04
2.691534803926913955e-03 2.283142978075838982e+03 7.894610474332391459e+04
2.754228703338165978e-03 2.304834829938555231e+03 7.892322625273423910e+04
2.818382931264454792e-03 2.326730008047068168e+03 7.890013273125785054e+04
2.884031503126605490e-03 2.348829914032538909e+03 7.887682283750329225e+04
2.951209226666384224e-03 2.371120303604336186e+03 7.885277493262148346e+04
3.019951720402016138e-03 2.393635005723972881e+03 7.882902219045943639e+04
3.090295432513592063e-03 2.416360067124727266e+03 7.880504768437071471e+04
3.162277660168379394e-03 2.439298320881383461e+03 7.878084869986701233e+04
3.235936569296281144e-03 2.462432839166912345e+03 7.875588496885140194e+04
3.311311214825910908e-03 2.485801360795636356e+03 7.873122832562126860e+04
3.388441561392027332e-03 2.509368269216735371e+03 7.870579368841693213e+04
3.467368504525316676e-03 2.533174066453380874e+03 7.868067268127127318e+04
3.548133892335753221e-03 2.557183217736489041e+03 7.865475770800710598e+04
3.630780547701014001e-03 2.581434726581048835e+03 7.862916426192768267e+04
3.715352290971727939e-03 2.605893101230733009e+03 7.860276227857678896e+04
3.801893963205612691e-03 2.630598752465795769e+03 7.857668832389831368e+04
3.890451449942804868e-03 2.655513325519993941e+03 7.854979266211268259e+04
3.981071705534973415e-03 2.680660027290892685e+03 7.852264319261012133e+04
4.073802778041130286e-03 2.706040235555160507e+03 7.849523860096000135e+04
4.168693834703355271e-03 2.731655327341908560e+03 7.846757757352327462e+04
4.265795188015925922e-03 2.757508111717103475e+03 7.843965742293871881e+04
4.365158322401660983e-03 2.783621676941424084e+03 7.841208847020850226e+04
4.466835921509634821e-03 2.809955826152087411e+03 7.838365057538522524e+04
4.570881896148752156e-03 2.836510667914782516e+03 7.835432499446689326e+04
4.677351412871981126e-03 2.863333698552751230e+03 7.832534974355400482e+04
4.786300923226380170e-03 2.890405587874978664e+03 7.829610469593586458e+04
4.897788193684460972e-03 2.917726274370358169e+03 7.826658991852756299e+04
5.011872336272724625e-03 2.945301425515408937e+03 7.823679998232625076e+04
5.128613839913647929e-03 2.973104707537070226e+03 7.820608297635657073e+04
5.248074602497722861e-03 3.001189564251581032e+03 7.817573579769571370e+04
5.370317963702526953e-03 3.029532983827329190e+03 7.814510955473367358e+04
5.495408738576248141e-03 3.058111464184532451e+03 7.811352977192160324e+04
5.623413251903490971e-03 3.086978486497102949e+03 7.808233301262331952e+04
5.754399373371566623e-03 3.116085131391233517e+03 7.805016471996379551e+04
5.888436553555889859e-03 3.145457609201309424e+03 7.801769679441407789e+04
6.025595860743580487e-03 3.175128553351254141e+03 7.798562347634727485e+04
6.165950018614822260e-03 3.205043007898944779e+03 7.795255386746815930e+04
6.309573444801930275e-03 3.235231616159749592e+03 7.791917668590681569e+04
6.456542290346555836e-03 3.265695714605067678e+03 7.788549066487289383e+04
6.606934480075964296e-03 3.296438070028287257e+03 7.785149316557661223e+04
6.760829753919818386e-03 3.327461447683870574e+03 7.781718155085618491e+04
6.918309709189362708e-03 3.358768611272441831e+03 7.778255318519222783e+04
7.079457843841380389e-03 3.390360891637157238e+03 7.774760680780037364e+04
7.244359600749906113e-03 3.422241049574597128e+03 7.771233978624983865e+04
7.413102413009176744e-03 3.454411844287614258e+03 7.767674948978995963e+04
7.585775750291835935e-03 3.486874602332401082e+03 7.764083466220255650e+04
7.762471166286919952e-03 3.519598432000735556e+03 7.760381784683374281e+04
7.943282347242820729e-03 3.552654158295877096e+03 7.756723793308589666e+04
8.128305161640994592e-03 3.585973647431782410e+03 7.752953745680296561e+04
8.317637711026708985e-03 3.619631885644707381e+03 7.749228338053531479e+04
8.511380382023758795e-03 3.653556532715021149e+03 7.745389022442852729e+04
8.709635899560804612e-03 3.687826812552107185e+03 7.741595292420378246e+04
8.912509381337458889e-03 3.722367531422896263e+03 7.737685671331001504e+04
9.120108393559096804e-03 3.757219273306529885e+03 7.733740184021453024e+04
9.332543007969904686e-03 3.792384750168562732e+03 7.729758573159507068e+04
9.549925860214358853e-03 3.827866671744267023e+03 7.725740581654594280e+04
9.772372209558111839e-03 3.863667745519058826e+03 7.721685952659595932e+04
1.000000000000000021e-02 3.899789246886018191e+03 7.717594566739985021e+04
1.023292992280754737e-02 3.936235308818717385e+03 7.713466030352443340e+04
1.047128548050899575e-02 3.973008631939226689e+03 7.709300087391013221e+04
1.071519305237607009e-02 4.010111914541896112e+03 7.705096482000543620e+04
1.096478196143185063e-02 4.047498273069187235e+03 7.700766341942884901e+04
1.122018454301963036e-02 4.085264399847628283e+03 7.696486282956195646e+04
1.148153621496882971e-02 4.123320015054476244e+03 7.692077244343873463e+04
1.174897554939529146e-02 4.161763991163471474e+03 7.687719306444168615e+04
1.202264434617413176e-02 4.200499519269144002e+03 7.683230363345518708e+04
1.230268770812381098e-02 4.239577785403192138e+03 7.678700718671220238e+04
1.258925411794167490e-02 4.279053829262405998e+03 7.674224095009341545e+04
1.288249551693133529e-02 4.318827937950171872e+03 7.669613043337113049e+04
1.318256738556407466e-02 4.358952716413322378e+03 7.664960543054361187e+04
1.348962882591653312e-02 4.399430797987050937e+03 7.660266346455343592e+04
1.380384264602885214e-02 4.440266240890287918e+03 7.655530069187037589e+04
1.412537544622754007e-02 4.481402636945607810e+03 7.650653254710888723e+04
1.445439770745927943e-02 4.522958166614608672e+03 7.645831343463205849e+04
1.479108388168207111e-02 4.564877485857303327e+03 7.640966750675281219e+04
1.513561248436208657e-02 4.607103664085211676e+03 7.635958031195127114e+04
1.548816618912481069e-02 4.649760135191985682e+03 7.631006201393628726e+04
1.584893192461114125e-02 4.692726327918576317e+03 7.625907918581382546e+04
1.621810097358929864e-02 4.736130330129743015e+03 7.620867879765811085e+04
1.659586907437561251e-02 4.779845412031486376e+03 7.615679209168349917e+04
1.698243652461744330e-02 4.823940299591089570e+03 7.610444296012535051e+04
1.737800828749376178e-02 4.868417539311616565e+03 7.605162903760235349e+04
1.778279410038922925e-02 4.913278247381762412e+03 7.599834933160200308e+04
1.819700858609984290e-02 4.958526388596960714e+03 7.594460011757955363e+04
1.862087136662867598e-02 5.004164497020497038e+03 7.589037904425660963e+04
1.905460717963248368e-02 5.050121442440033206e+03 7.583457765699698939e+04
1.949844599758045541e-02 5.096545698922396696e+03 7.577939630786512862e+04
1.995262314968880915e-02 5.143290982791312672e+03 7.572260984548844863e+04
2.041737944669529473e-02 5.190512823733457481e+03 7.566645761453674641e+04
2.089296130854038577e-02 5.238059212541284069e+03 7.560867423936068371e+04
2.137962089502232557e-02 5.286007672129565435e+03 7.555038510803991812e+04
2.187761623949551967e-02 5.334363495831221371e+03 7.549158525912683399e+04
2.238721138568339902e-02 5.383126273375704841e+03 7.543227520389301935e+04
2.290867652767772378e-02 5.432302710684017256e+03 7.537244862790752086e+04
2.344228815319922624e-02 5.481892387160489307e+03 7.531210605449650029e+04
2.398832919019489723e-02 5.531900572609780284e+03 7.525124254908278817e+04
2.454708915685031162e-02 5.582237647915859270e+03 7.518863680436150753e+04
2.511886431509579437e-02 5.633085574846722011e+03 7.512671727610373637e+04
2.570395782768864629e-02 5.684263734112094426e+03 7.506302947725646663e+04
2.630267991895381477e-02 5.735963782834734047e+03 7.500004259709382313e+04
2.691534803926916644e-02 5.787998136019783487e+03 7.493525885658903280e+04
2.754228703338166065e-02 5.840460332803227175e+03 7.486992109717965650e+04
2.818382931264454966e-02 5.893355529773360104e+03 7.480402454327257874e+04
2.884031503126605750e-02 5.946686032000451632e+03 7.473756715635345608e+04
2.951209226666387173e-02 6.000455559163121507e+03 7.467054554235698015e+04
3.019951720402016052e-02 6.054556368902520262e+03 7.460163963553075155e+04
3.090295432513592150e-02 6.109207418659005270e+03 7.453347380074112152e+04
3.162277660168379134e-02 6.164193066815225393e+03 7.446339377634470293e+04
3.235936569296284093e-02 6.219734648742491117e+03 7.439407586025116325e+04
3.311311214825911342e-02 6.275612589722236407e+03 7.432281542835007713e+04
3.388441561392027679e-02 6.331940320729701853e+03 7.425095459190833208e+04
3.467368504525316503e-02 6.388720009855191165e+03 7.417849151164182695e+04
3.548133892335756517e-02 6.445953817333409461e+03 7.410542435790262243e+04
3.630780547701013827e-02 6.503518108187724465e+03 7.403033696496053017e+04
3.715352290971724036e-02 6.561665735624598710e+03 7.395604306150239427e+04
3.801893963205612431e-02 6.620147658318107460e+03 7.387969667069922434e+04
3.890451449942804868e-02 6.679218949154053917e+03 7.380416765580080391e+04
3.981071705534973415e-02 6.738625355684691385e+03 7.372655687543179374e+04
4.073802778041125949e-02 6.798493707922611975e+03 7.364830710802215617e+04
4.168693834703354750e-02 6.858828850151459847e+03 7.356941403406420432e+04
4.265795188015925749e-02 6.919631366809404426e+03 7.348987742344547587e+04
4.365158322401661156e-02 6.980907496570482181e+03 7.340969162455636251e+04
4.466835921509629964e-02 7.042511006344194357e+03 7.332732796295858861e+04
4.570881896148751983e-02 7.104733385912707490e+03 7.324583081389026484e+04
4.677351412871981473e-02 7.167281588177680533e+03 7.316212704185374605e+04
4.786300923226385201e-02 7.230304261402729026e+03 7.307774377091268252e+04
4.897788193684461666e-02 7.293803245848876941e+03 7.299267966976489697e+04
5.011872336272724798e-02 7.357780371137261682e+03 7.290693342094693799e+04
5.128613839913648276e-02 7.422240281357380809e+03 7.282050101060245652e+04
5.248074602497728586e-02 7.487013675948189302e+03 7.273176417783882061e+04
5.370317963702526953e-02 7.552437319106689756e+03 7.264394669678564242e+04
5.495408738576248314e-02 7.618173243489341985e+03 7.255379408792119648e+04
5.623413251903491145e-02 7.684394214955228563e+03 7.246292229356474127e+04
5.754399373371572174e-02 7.751097650494053596e+03 7.237133435714039661e+04
5.888436553555889685e-02 7.818285190045427044e+03 7.227902927546226420e+04
6.025595860743580834e-02 7.885961279930167620e+03 7.218600335766297940e+04
6.165950018614822087e-02 7.954126124205662563e+03 7.209225698714287137e+04
6.309573444801935826e-02 8.022589861177464627e+03 7.199605699399924197e+04
6.456542290346556356e-02 8.091538578154994866e+03 7.189910688556791865e+04
6.606934480075957183e-02 8.161175129270904108e+03 7.180316419129841961e+04
6.760829753919818386e-02 8.230899572884849476e+03 7.170295093727555650e+04
6.918309709189363055e-02 8.301313312743533970e+03 7.160374515130330110e+04
7.079457843841380216e-02 8.372217772052445071e+03 7.150378665700012061e+04
7.244359600749898653e-02 8.443399500328896465e+03 7.140125796528893989e+04
7.413102413009177438e-02 8.515287200325939921e+03 7.129977705475267430e+04
7.585775750291835762e-02 8.587444332086262875e+03 7.119569896448793588e+04
7.762471166286918911e-02 8.660091188361628156e+03 7.109083627267148404e+04
7.943282347242813790e-02 8.733224773556947184e+03 7.098519277074327692e+04
8.128305161640994592e-02 8.806614239339072810e+03 7.087687540022228495e+04
8.317637711026708291e-02 8.880724940227726620e+03 7.076965122428152245e+04
8.511380382023767122e-02 8.955082588296158065e+03 7.065972600693711138e+04
8.709635899560805306e-02 9.029924454694853921e+03 7.054898869162519986e+04
8.912509381337459236e-02 9.105250139756008139e+03 7.043744079209066695e+04
9.120108393559096804e-02 9.181060629037669059e+03 7.032508250138994481e+04
9.332543007969915094e-02 9.257356892263002010e+03 7.021191403589052788e+04
9.549925860214358853e-02 9.333871428472781190e+03 7.009594324121155660e+04
9.772372209558111145e-02 9.410861526051920009e+03 6.997913542135892203e+04
1.000000000000000056e-01 9.488327961893966858e+03 6.986149120845242578e+04
1.023292992280754737e-01 9.566270101552947381e+03 6.974301259821653366e+04
1.047128548050899610e-01 9.644688690665851027e+03 6.962370027197616582e+04
1.071519305237607078e-01 9.723293167902700588e+03 6.950148410565112135e+04
1.096478196143185063e-01 9.802659066549669660e+03 6.938049430158716859e+04
1.122018454301964147e-01 9.882202081838417143e+03 6.925657176441579941e+04
1.148153621496882937e-01 9.962207072779256123e+03 6.913179516782192513e+04
1.174897554939530325e-01 1.004236531357340209e+04 6.900402992677787552e+04
1.202264434617413141e-01 1.012329185837316800e+04 6.887753224470242276e+04
1.230268770812381063e-01 1.020436175799688499e+04 6.874801731292570184e+04
1.258925411794167559e-01 1.028588316856358324e+04 6.861762393504983629e+04
1.288249551693133599e-01 1.036785360385722015e+04 6.848635649679346534e+04
1.318256738556407293e-01 1.045027333713490771e+04 6.835421674915518088e+04
1.348962882591653312e-01 1.053279709952741723e+04 6.821897886765262228e+04
1.380384264602885214e-01 1.061575481553104873e+04 6.808284493561022100e+04
1.412537544622753938e-01 1.069914654530810549e+04 6.794581725285957509e+04
1.445439770745927943e-01 1.078296818791353144e+04 6.780790212528046686e+04
1.479108388168207111e-01 1.086721977639786382e+04 6.766910190682057873e+04
1.513561248436208762e-01 1.095152416582143087e+04 6.752711306310014334e+04
1.548816618912481069e-01 1.103624323359361006e+04 6.738421521207215847e+04
1.584893192461114264e-01 1.112137403974091649e+04 6.724041394728951855e+04
1.621810097358929725e-01 1.120691363510581505e+04 6.709571488660442992e+04
1.659586907437561321e-01 1.129245884618199307e+04 6.694775097987763002e+04
1.698243652461744191e-01 1.137839640274653902e+04 6.679886638440938259e+04
1.737800828749376247e-01 1.146472040410944101e+04 6.664906998115954048e+04
1.778279410038922925e-01 1.155143043451547783e+04 6.649836540614505066e+04
1.819700858609984429e-01 1.163852195202652001e+04 6.634676027030752448e+04
1.862087136662867459e-01 1.172555870194969066e+04 6.619180708580122155e+04
1.905460717963248229e-01 1.181295781739854829e+04 6.603593346956920868e+04
1.949844599758045471e-01 1.190071592934172622e+04 6.587914638594153803e+04
1.995262314968880846e-01 1.198837350062781297e+04 6.571895219208981143e+04
2.041737944669529681e-01 1.207636719138046101e+04 6.555782833548961207e+04
2.089296130854040867e-01 1.216469344405314223e+04 6.539578248671357142e+04
2.137962089502232488e-01 1.225334869685685953e+04 6.523282233949725196e+04
2.187761623949551759e-01 1.234232802513980641e+04 6.506895691355539748e+04
2.238721138568340041e-01 1.243113373329874776e+04 6.490161413900790649e+04
2.290867652767772378e-01 1.252024076385740227e+04 6.473335081436507608e+04
2.344228815319922832e-01 1.260913392975997704e+04 6.456156493128451984e+04
2.398832919019489862e-01 1.269882032053950752e+04 6.439147454022385500e+04
2.454708915685031023e-01 1.278826642075541167e+04 6.421785039780975785e+04
2.511886431509579576e-01 1.287797706737710359e+04 6.404331480518077296e+04
2.570395782768864490e-01 1.296740269728673957e+04 6.386520543917980831e+04
2.630267991895381408e-01 1.305761700661607756e+04 6.368886490977842186e+04
2.691534803926916575e-01 1.314752156159393417e+04 6.350893902575578977e+04
2.754228703338166273e-01 1.323765260285031400e+04 6.332811459073847072e+04
2.818382931264454827e-01 1.332742745979325991e+04 6.314366778187394084e+04
2.884031503126605611e-01 1.341740452159192682e+04 6.295831145217728772e+04
2.951209226666386964e-01 1.350755819768926085e+04 6.277207706097717892e+04
3.019951720402015982e-01 1.359790311158546319e+04 6.258495750748523278e+04
3.090295432513592289e-01 1.368780858762126627e+04 6.239418142294622521e+04
3.162277660168379412e-01 1.377786545514533645e+04 6.220252593985204294e+04
3.235936569296284371e-01 1.386743772363291100e+04 6.200717791714474151e+04
3.311311214825911065e-01 1.395777541686921177e+04 6.181378475718999107e+04
3.388441561392027679e-01 1.404758800756236451e+04 6.161670701263456431e+04
3.467368504525316641e-01 1.413685603985546732e+04 6.141590127496242349e+04
3.548133892335756934e-01 1.422687282593404416e+04 6.121711547748684097e+04
3.630780547701014105e-01 1.431629072007393916e+04 6.101462472119801532e+04
3.715352290971727922e-01 1.440577884685691424e+04 6.081129803442455159e+04
3.801893963205612570e-01 1.449460727232430509e+04 6.060425036352579627e+04
3.890451449942805007e-01 1.458347753936583467e+04 6.039636697184479999e+04
3.981071705534973137e-01 1.467237214719678923e+04 6.018767494240222732e+04
4.073802778041126227e-01 1.476053105905994744e+04 5.997524949586512230e+04
4.168693834703355305e-01 1.484868550144655273e+04 5.976201833544793772e+04
4.265795188015925610e-01 1.493680503925936864e+04 5.954802190430241171e+04
4.365158322401661017e-01 1.502413803827418087e+04 5.933025967859994853e+04
4.466835921509630380e-01 1.511139400362984452e+04 5.911175044047061238e+04
4.570881896148751844e-01 1.519859480692143188e+04 5.889248544350807060e+04
4.677351412871981196e-01 1.528490526284711814e+04 5.866947780055837211e+04
4.786300923226385340e-01 1.537110527446083142e+04 5.844574807155635790e+04
4.897788193684461389e-01 1.545717790018440064e+04 5.822132576818473171e+04
5.011872336272724660e-01 1.554230782098182681e+04 5.799313984344912751e+04
5.128613839913648276e-01 1.562726811118282421e+04 5.776428553641602048e+04
5.248074602497728725e-01 1.571120887866065095e+04 5.753168247697649349e+04
5.370317963702526676e-01 1.579493785163676330e+04 5.729843768518424622e+04
5.495408738576248453e-01 1.587845141061602226e+04 5.706457004970119306e+04
5.623413251903490728e-01 1.596087953885050592e+04 5.682695582355203078e+04
5.754399373371572590e-01 1.604303758166499392e+04 5.658876086160219711e+04
5.888436553555890240e-01 1.612403340204810229e+04 5.634684209065919276e+04
6.025595860743581111e-01 1.620473026100687639e+04 5.610436286214141728e+04
6.165950018614821948e-01 1.628511240365146477e+04 5.586135597564891214e+04
6.309573444801935826e-01 1.636424155307866749e+04 5.561466318677094387e+04
6.456542290346556356e-01 1.644301506374721430e+04 5.536747841993674956e+04
6.606934480075964400e-01 1.652047224076522980e+04 5.511662688201130368e+04
6.760829753919819218e-01 1.659754585204275645e+04 5.486530983939393627e+04
6.918309709189363055e-01 1.667419600534537312e+04 5.461358558484140667e+04
7.079457843841380216e-01 1.674945334324789292e+04 5.435823226266990969e+04
7.244359600749898931e-01 1.682426031322773269e+04 5.410250139476322511e+04
7.413102413009177161e-01 1.689758770706765063e+04 5.384319351039467438e+04
7.585775750291835484e-01 1.697042615396003748e+04 5.358355249397394800e+04
7.762471166286919466e-01 1.704172403071193912e+04 5.332036656229681830e+04
7.943282347242813790e-01 1.711249524220037711e+04 5.305689477482465736e+04
8.128305161640995147e-01 1.718270206960160431e+04 5.279319692904014664e+04
8.317637711026708569e-01 1.725129627681109559e+04 5.252600942950199533e+04
8.511380382023767677e-01 1.731821880493396020e+04 5.225536501845659222e+04
8.709635899560804750e-01 1.738453030398930059e+04 5.198454886337718926e+04
8.912509381337458958e-01 1.745019457966145274e+04 5.171362177785752283e+04
9.120108393559096527e-01 1.751410677773103816e+04 5.143931559819661925e+04
9.332543007969914539e-01 1.757735048676424776e+04 5.116494237948195223e+04
9.549925860214358853e-01 1.763878679813591953e+04 5.088723973954681423e+04
9.772372209558111145e-01 1.769834757981882285e+04 5.060625988550816692e+04
1.000000000000000000e+00 1.775832576661092753e+04 5.032860997726224741e+04
1.023292992280753655e+00 1.781522511111619679e+04 5.004444775981991552e+04
1.047128548050900720e+00 1.787135044238474075e+04 4.976038440747250570e+04
1.071519305237607078e+00 1.792668104275039514e+04 4.947647067658878950e+04
1.096478196143185091e+00 1.798001425640813613e+04 4.918943506232884101e+04
1.122018454301962898e+00 1.803250281891393024e+04 4.890263691108873900e+04
1.148153621496884158e+00 1.808293532814564605e+04 4.861279357908297970e+04
1.174897554939530409e+00 1.813127276241812433e+04 4.831994530259702151e+04
1.202264434617413169e+00 1.817870210315071745e+04 4.802745422482678987e+04
1.230268770812381174e+00 1.822398196629079030e+04 4.773204164477767335e+04
1.258925411794166171e+00 1.826833317883285417e+04 4.743705799823351117e+04
1.288249551693134931e+00 1.831175070411940396e+04 4.714254316929502966e+04
1.318256738556407459e+00 1.835165229033219293e+04 4.684195730247220490e+04
1.348962882591653312e+00 1.839187039398483830e+04 4.654521698317042319e+04
1.380384264602883881e+00 1.842850598225561771e+04 4.624250346061230812e+04
1.412537544622755492e+00 1.846411156345138443e+04 4.594045838509180612e+04
1.445439770745927888e+00 1.849870760984795925e+04 4.563910019869800453e+04
1.479108388168207222e+00 1.852960835486667929e+04 4.533194032014456752e+04
1.513561248436207096e+00 1.856078314551120275e+04 4.502885193408215855e+04
1.548816618912482790e+00 1.858820683639672279e+04 4.472007268044845841e+04
1.584893192461114042e+00 1.861454175539681819e+04 4.441219240134779102e+04
1.621810097358929781e+00 1.863978896924845685e+04 4.410525062511561555e+04
1.659586907437559766e+00 1.866255919781169723e+04 4.379605854080966674e+04
1.698243652461745912e+00 1.868284073522300241e+04 4.348466612314961094e+04
1.737800828749376247e+00 1.870059073036484915e+04 4.317115630376291665e+04
1.778279410038922759e+00 1.871720383887197022e+04 4.285879574524740019e+04
1.819700858609982541e+00 1.873267364944071960e+04 4.254763290175100701e+04
1.862087136662869513e+00 1.874416874751991782e+04 4.223131490477432089e+04
1.905460717963248340e+00 1.875448087986454993e+04 4.191632731118614902e+04
1.949844599758045582e+00 1.876219553591918520e+04 4.159952237447072548e+04
1.995262314968878847e+00 1.876872772139609151e+04 4.128414212569977826e+04
2.041737944669531846e+00 1.877264069163938257e+04 4.096706987591089273e+04
2.089296130854040978e+00 1.877391399204048867e+04 4.064838514646008116e+04
2.137962089502232654e+00 1.877398532062156664e+04 4.033129696921155846e+04
2.187761623949551648e+00 1.877140295787478681e+04 4.001272347773450747e+04
2.238721138568342539e+00 1.876615120280725387e+04 3.969274614071929682e+04
2.290867652767774931e+00 1.875822643925921511e+04 3.937143765188688121e+04
2.344228815319922887e+00 1.874909314954124056e+04 3.905195672643798753e+04
2.398832919019489918e+00 1.873727355199219528e+04 3.873128362301142624e+04
2.454708915685028359e+00 1.872276871003009001e+04 3.840949251264830673e+04
2.511886431509582351e+00 1.870705021507550191e+04 3.808970842011566128e+04
2.570395782768864823e+00 1.868865112220856099e+04 3.776893535708197305e+04
2.630267991895381297e+00 1.866755742636288414e+04 3.744726741274596861e+04
2.691534803926913799e+00 1.864376707719297701e+04 3.712478964534164697e+04
2.754228703338168938e+00 1.861728968191825697e+04 3.680157830206040671e+04
2.818382931264455049e+00 1.858962965516543045e+04 3.648066829402510484e+04
2.884031503126605500e+00 1.855929177058113419e+04 3.615916190021645889e+04
2.951209226666383856e+00 1.852628074649368864e+04 3.583714452670884930e+04
3.019951720402019202e+00 1.849059385755306357e+04 3.551471079153989558e+04
3.090295432513591845e+00 1.845376677266793195e+04 3.519480459351201716e+04
3.162277660168379523e+00 1.841430279561378484e+04 3.487459740594968025e+04
3.235936569296280929e+00 1.837068582807796702e+04 3.455135370767171844e+04
3.311311214825914284e+00 1.832596571659884648e+04 3.423083588145798421e+04
3.388441561392027346e+00 1.828014800355408443e+04 3.391307798662061396e+04
3.467368504525316641e+00 1.823022331537706850e+04 3.359255598099178314e+04
3.548133892335753270e+00 1.817773748127067665e+04 3.327215447961319296e+04
3.630780547701017547e+00 1.812419801219413057e+04 3.295471017416824179e+04
3.715352290971727811e+00 1.806812791011302761e+04 3.263751857769738126e+04
3.801893963205612792e+00 1.800955033503300001e+04 3.232066110517968264e+04
3.890451449942804896e+00 1.794848144852789119e+04 3.200422693214528772e+04
3.981071705534977578e+00 1.788494797138907597e+04 3.168829604210430625e+04
4.073802778041129891e+00 1.781897824778504582e+04 3.137294768846018633e+04
4.168693834703354639e+00 1.775059370548183870e+04 3.105826847523047400e+04
4.265795188015925277e+00 1.767982600740875569e+04 3.074433579032657144e+04
4.365158322401656577e+00 1.760818864234282228e+04 3.043378467638221628e+04
4.466835921509634488e+00 1.753274259107714897e+04 3.012155800508940956e+04
4.570881896148751622e+00 1.745648771266602125e+04 2.981281567313515188e+04
4.677351412871980862e+00 1.737650623045466637e+04 2.950259121699810930e+04
4.786300923226380455e+00 1.729575649213696670e+04 2.919597187114007102e+04
4.897788193684466052e+00 1.721136916154341452e+04 2.888805955248402097e+04
5.011872336272724660e+00 1.712627487900304550e+04 2.858385101363030117e+04
5.128613839913648498e+00 1.703762243050248435e+04 2.827854920116716676e+04
5.248074602497722729e+00 1.694833600915359057e+04 2.797703567871965424e+04
5.370317963702532893e+00 1.685558496820430446e+04 2.767461538657166238e+04
5.495408738576248453e+00 1.676226812683720709e+04 2.737606882783627225e+04
5.623413251903491172e+00 1.666557817879654613e+04 2.707680332271436419e+04
5.754399373371566817e+00 1.656699016331204621e+04 2.677922127092436858e+04
5.888436553555895792e+00 1.646654538721603603e+04 2.648338765737628637e+04
6.025595860743581333e+00 1.636567225382745892e+04 2.619158391057365225e+04
6.165950018614822170e+00 1.626163991153706775e+04 2.589940219340777185e+04
6.309573444801929831e+00 1.615587979897249716e+04 2.560915225596579330e+04
6.456542290346562574e+00 1.604844386484119605e+04 2.532088429232193812e+04
6.606934480075964622e+00 1.593802905229187127e+04 2.503253589304815978e+04
6.760829753919819218e+00 1.582739501007570470e+04 2.474841402567140176e+04
6.918309709189363055e+00 1.571522283708359828e+04 2.446643384522164706e+04
7.079457843841387543e+00 1.560024233363120402e+04 2.418460244054420400e+04
7.244359600749906036e+00 1.548385349329089513e+04 2.390504598395203720e+04
7.413102413009177383e+00 1.536609079072460008e+04 2.362782258245945559e+04
7.585775750291835706e+00 1.524700967894350288e+04 2.335296835820033448e+04
7.762471166286911917e+00 1.512538021201031188e+04 2.307858935160788678e+04
7.943282347242821118e+00 1.500381400042423593e+04 2.280862446248388005e+04
8.128305161640994925e+00 1.487982818827274787e+04 2.253925314821557185e+04
8.317637711026709013e+00 1.475474449104869927e+04 2.227245028153339808e+04
8.511380382023759239e+00 1.462738895821862207e+04 2.200640683234939570e+04
8.709635899560813854e+00 1.450025818846264883e+04 2.174487090639471717e+04
8.912509381337459402e+00 1.437098650275462205e+04 2.148419474221369819e+04
9.120108393559096527e+00 1.424082839072518436e+04 2.122626212188304999e+04
9.332543007969904991e+00 1.410867370359734014e+04 2.096934184205577913e+04
9.549925860214369067e+00 1.397692283689199394e+04 2.071696899275772739e+04
9.772372209558112033e+00 1.384214858723855104e+04 2.046400888779751767e+04
1.000000000000000000e+01 1.370787023144173327e+04 2.021563612741622273e+04
1.023292992280753566e+01 1.357186510029679994e+04 1.996849626283556427e+04
1.047128548050900676e+01 1.343532660425622453e+04 1.972429421699053637e+04
1.071519305237607078e+01 1.329829647154261147e+04 1.948304511501071102e+04
1.096478196143185180e+01 1.315975083265330250e+04 1.924317700322574092e+04
1.122018454301962898e+01 1.301976694867814695e+04 1.900477652928563111e+04
1.148153621496884114e+01 1.287948697023985915e+04 1.876943849550570303e+04
1.174897554939530231e+01 1.273895604021256986e+04 1.853716367471806370e+04
1.202264434617413080e+01 1.259821849646287046e+04 1.830795110709700748e+04
1.230268770812381085e+01 1.245630742419889430e+04 1.808034431229256006e+04
1.258925411794168703e+01 1.231331416337425981e+04 1.785440101528477680e+04
1.288249551693134975e+01 1.217029486259091027e+04 1.763160035716403218e+04
1.318256738556407370e+01 1.202633418817628080e+04 1.741053631860587484e+04
1.348962882591653312e+01 1.188245249723970301e+04 1.719264369839312349e+04
1.380384264602883881e+01 1.173776672645373219e+04 1.697655146306199458e+04
1.412537544622755448e+01 1.159327121076082040e+04 1.676364134701263902e+04
1.445439770745928065e+01 1.144810470423779589e+04 1.655258654341699366e+04
1.479108388168207178e+01 1.130323023510889470e+04 1.634472160247239844e+04
1.513561248436207229e+01 1.115781815361076406e+04 1.613875370620882859e+04
1.548816618912482745e+01 1.101279986377239584e+04 1.593597148503567587e+04
1.584893192461114175e+01 1.086651822979058306e+04 1.573390614582337548e+04
1.621810097358929781e+01 1.072075613035995957e+04 1.553505551983129226e+04
1.659586907437559589e+01 1.057554289002513178e+04 1.533939310160899186e+04
1.698243652461745867e+01 1.043011006743369762e+04 1.514572387485396757e+04
1.737800828749376336e+01 1.028452769261607500e+04 1.495407768015038164e+04
1.778279410038922848e+01 1.013887296598426474e+04 1.476447370684190719e+04
1.819700858609982674e+01 9.993970505691500875e+03 1.457804308759804553e+04
1.862087136662869469e+01 9.849103140908278874e+03 1.439366188110795702e+04
1.905460717963248385e+01 9.704338503710727309e+03 1.421134791722781119e+04
1.949844599758045405e+01 9.559742379828627236e+03 1.403111706983304066e+04
1.995262314968878670e+01 9.416080212032407871e+03 1.385401547415045752e+04
2.041737944669531757e+01 9.272692647352332642e+03 1.367897980945301060e+04
2.089296130854040712e+01 9.128965828496682661e+03 1.350502441153223845e+04
2.137962089502232388e+01 8.986323206941318858e+03 1.333416616028009412e+04
2.187761623949552003e+01 8.844779762787595246e+03 1.316636106782984643e+04
2.238721138568342184e+01 8.703086686515856854e+03 1.299966980853501445e+04
2.290867652767774842e+01 8.561963643434088226e+03 1.283506960889573384e+04
2.344228815319922532e+01 8.422070671169796697e+03 1.267347319444484492e+04
2.398832919019490006e+01 8.282236435245440589e+03 1.251303398951789131e+04
2.454708915685028714e+01 8.143710355983289446e+03 1.235555939993588254e+04
2.511886431509581996e+01 8.005376027205817991e+03 1.219925828581000496e+04
2.570395782768864734e+01 7.868422958450704755e+03 1.204587580678507584e+04
2.630267991895381385e+01 7.731777903966034501e+03 1.189368494752750848e+04
2.691534803926914066e+01 7.596588977241625798e+03 1.174435401125100179e+04
2.754228703338169026e+01 7.461824824413774877e+03 1.159621866845788645e+04
2.818382931264455138e+01 7.328073408827607636e+03 1.145009580830494815e+04
2.884031503126605855e+01 7.195371251732492965e+03 1.130597352587313799e+04
2.951209226666383856e+01 7.063762309425577769e+03 1.116383001721400797e+04
3.019951720402019291e+01 6.933284817292836124e+03 1.102364627891661257e+04
3.090295432513591933e+01 6.803974656497559408e+03 1.088540295808808696e+04
3.162277660168379256e+01 6.675862377233775078e+03 1.074908328863826682e+04
3.235936569296281107e+01 6.548551816101439726e+03 1.061395094548779161e+04
3.311311214825914817e+01 6.422530311705560962e+03 1.048071961412826749e+04
3.388441561392027523e+01 6.297829873684000631e+03 1.034936286047432804e+04
3.467368504525316553e+01 6.174075847011274163e+03 1.021918527640948378e+04
3.548133892335753359e+01 6.051717752076486249e+03 1.009085732136224397e+04
3.630780547701017724e+01 5.930780126179349281e+03 9.964352208078020340e+03
3.715352290971728166e+01 5.811285297417782203e+03 9.839643327206009417e+03
3.801893963205612437e+01 5.692897921619158296e+03 9.716076013600466467e+03
3.890451449942804629e+01 5.576018744354438240e+03 9.594268189813174104e+03
3.981071705534977667e+01 5.460323869003667824e+03 9.473591220448506647e+03
4.073802778041130068e+01 5.346189368948332231e+03 9.354639190197016433e+03
4.168693834703355350e+01 5.233310247849747611e+03 9.236801292835274580e+03
4.265795188015925277e+01 5.122038681806348905e+03 9.120648783227017702e+03
4.365158322401656221e+01 5.012390642458492948e+03 9.006146433127885757e+03
4.466835921509634488e+01 4.904075827456270417e+03 8.892721803243885006e+03
4.570881896148751622e+01 4.797133863099572409e+03 8.780370040033485566e+03
4.677351412871981040e+01 4.691871960402242621e+03 8.669619346918543670e+03
4.786300923226380633e+01 4.588027454860127364e+03 8.559919861617445349e+03
4.897788193684466052e+01 4.485626950367098289e+03 8.451270929264101142e+03
5.011872336272725192e+01 4.384953002291199482e+03 8.344163716400807971e+03
5.128613839913648320e+01 4.285757472401339328e+03 8.238081328761903933e+03
5.248074602497722907e+01 4.188061642697857678e+03 8.133020738968667501e+03
5.370317963702532893e+01 4.092120613362767472e+03 8.029442521598627536e+03
5.495408738576248453e+01 3.997704299274037112e+03 7.926857204122069561e+03
5.623413251903490817e+01 3.904824886133023938e+03 7.825263814920806908e+03
5.754399373371566639e+01 3.813498467257178618e+03 7.724655287980393950e+03
5.888436553555895614e+01 3.723734745875697172e+03 7.625028432430151042e+03
6.025595860743580801e+01 3.635745932582271962e+03 7.526797514074633909e+03
6.165950018614822170e+01 3.549129874748656675e+03 7.429107968529560821e+03
6.309573444801930009e+01 3.464291267744898505e+03 7.332785409884580076e+03
6.456542290346563107e+01 3.380845170872069957e+03 7.237012590412360623e+03
6.606934480075963734e+01 3.299171871772249688e+03 7.142578249690842313e+03
6.760829753919819041e+01 3.218906571735037687e+03 7.048697690364540904e+03
6.918309709189362877e+01 3.140231826295147584e+03 6.955760074605956106e+03
7.079457843841387898e+01 3.063306400439332265e+03 6.864123176980944663e+03
7.244359600749905326e+01 2.987797695076370019e+03 6.773045664514575947e+03
7.413102413009177383e+01 2.913865160335049040e+03 6.682894526613291418e+03
7.585775750291836061e+01 2.841501221963610078e+03 6.593664062807061782e+03
7.762471166286911739e+01 2.770698682419453235e+03 6.505346963110485376e+03
7.943282347242821118e+01 2.701306639043306404e+03 6.417613517677184973e+03
8.128305161640994925e+01 2.633462280733073840e+03 6.330797085713832530e+03
8.317637711026708303e+01 2.567150030655223418e+03 6.244894327778759362e+03
8.511380382023759239e+01 2.502230506952703763e+03 6.159593525207283164e+03
8.709635899560814210e+01 2.438823885071651148e+03 6.075206411377776021e+03
8.912509381337459047e+01 2.376908957841512802e+03 5.991731665654742756e+03
9.120108393559097237e+01 2.316360142327569065e+03 5.908871914340456897e+03
9.332543007969904636e+01 2.257166354509086432e+03 5.826644082106076894e+03
9.549925860214368356e+01 2.199530304283941405e+03 5.745610089368242370e+03
9.772372209558110967e+01 2.143113854736092890e+03 5.664940574074742472e+03
1.000000000000000000e+02 2.088113317135837860e+03 5.585191648546857323e+03
1.023292992280753566e+02 2.034413141294802017e+03 5.506098366500331394e+03
1.047128548050900605e+02 1.982088809246534311e+03 5.427926718640102990e+03
1.071519305237606972e+02 1.931030397490078940e+03 5.350422315693926066e+03
1.096478196143185073e+02 1.881220503695300977e+03 5.273598024462406102e+03
1.122018454301963004e+02 1.832727903486390687e+03 5.197697381733403745e+03
1.148153621496884114e+02 1.785364311684084441e+03 5.122256991866767748e+03
1.174897554939530266e+02 1.739277835629291530e+03 5.047748852477585388e+03
1.202264434617413116e+02 1.694366633933542062e+03 4.973947469223462576e+03
1.230268770812381121e+02 1.650611535318104188e+03 4.900861658599357725e+03
1.258925411794168809e+02 1.607994276032036396e+03 4.828498308833875853e+03
1.288249551693134833e+02 1.566493014824148077e+03 4.756866747394781669e+03
1.318256738556407299e+02 1.526088096260197972e+03 4.685973275037180429e+03
1.348962882591653170e+02 1.486759752558776881e+03 4.615823431538507975e+03
1.380384264602886617e+02 1.448426234641819747e+03 4.546232030472959195e+03
1.412537544622755377e+02 1.411189402287466692e+03 4.477591547141050796e+03
1.445439770745927888e+02 1.374907690320143956e+03 4.409529476952038749e+03
1.479108388168207284e+02 1.339675983699569542e+03 4.342417922614346935e+03
1.513561248436207052e+02 1.305306936046634746e+03 4.275727610730104061e+03
1.548816618912482852e+02 1.271942751141730923e+03 4.209995844565697553e+03
1.584893192461114211e+02 1.239457816201768992e+03 4.144881149211500087e+03
1.621810097358929852e+02 1.207881190218119400e+03 4.080560952754262416e+03
1.659586907437559660e+02 1.177145847794369047e+03 4.016877831365535258e+03
1.698243652461746080e+02 1.147233223309511231e+03 3.953845451935927940e+03
1.737800828749376194e+02 1.118212076215480693e+03 3.891775867955712329e+03
1.778279410038922776e+02 1.089931083510845610e+03 3.830218014481765749e+03
1.819700858609982674e+02 1.062454606102091930e+03 3.769481773242234794e+03
1.862087136662869398e+02 1.035723524178524713e+03 3.709424827537565307e+03
1.905460717963248385e+02 1.009756333096841104e+03 3.650193416206839629e+03
1.949844599758045547e+02 9.844576134449853271e+02 3.591520950709922545e+03
1.995262314968878741e+02 9.598829817446319339e+02 3.533684424692463836e+03
2.041737944669531544e+02 9.359767121899919857e+02 3.476554844782813689e+03
2.089296130854040712e+02 9.127195460776079017e+02 3.420139820547084128e+03
2.137962089502232459e+02 8.900941587589968549e+02 3.364444491623982685e+03
2.187761623949551790e+02 8.680799008523827069e+02 3.309476618648327985e+03
2.238721138568342326e+02 8.466603189900702091e+02 3.255239412657220328e+03
2.290867652767774700e+02 8.258150588424919079e+02 3.201739345341064109e+03
2.344228815319922603e+02 8.055271793896821464e+02 3.148979173120196720e+03
2.398832919019489793e+02 7.857505943443161414e+02 3.096857620824830519e+03
2.454708915685033617e+02 7.664959858427916970e+02 3.045488808759399035e+03
2.511886431509582280e+02 7.477458780561621552e+02 2.994874637036274180e+03
2.570395782768864592e+02 7.294807718479258938e+02 2.945018661016145870e+03
2.630267991895381670e+02 7.116603193951568755e+02 2.895826146411082391e+03
2.691534803926913924e+02 6.942693012865540823e+02 2.847305583412051419e+03
2.754228703338168884e+02 6.773143285177209236e+02 2.799555598295299660e+03
2.818382931264454783e+02 6.607565977662999330e+02 2.752488187955949797e+03
2.884031503126605571e+02 6.446018538247627703e+02 2.706195857937989786e+03
2.951209226666384211e+02 6.288134157754452644e+02 2.660593904921822741e+03
3.019951720402019077e+02 6.133776860623618177e+02 2.615686719028413791e+03
3.090295432513592004e+02 5.982984519022993481e+02 2.571558987639504267e+03
3.162277660168379612e+02 5.835244372606734942e+02 2.528052750232755898e+03
3.235936569296280823e+02 5.690607297970259424e+02 2.485253300025696262e+03
3.311311214825914249e+02 5.549121784477296160e+02 2.443235345357330061e+03
3.388441561392027666e+02 5.410307701225509618e+02 2.401852308323087982e+03
3.467368504525316553e+02 5.274381560234744484e+02 2.361249550421194272e+03
3.548133892335753217e+02 5.140907678027889460e+02 2.321285392069785757e+03
3.630780547701017440e+02 5.009930418844014639e+02 2.282031304831697980e+03
3.715352290971727598e+02 4.881211752658296632e+02 2.243420162711883222e+03
3.801893963205612863e+02 4.754935580418426184e+02 2.205580786503885975e+03
3.890451449942804629e+02 4.630601180574982436e+02 2.168320786677056731e+03
3.981071705534977241e+02 4.508528469212029677e+02 2.131825064194872539e+03
4.073802778041130068e+02 4.388261401393055507e+02 2.095908819612909610e+03
4.168693834703354923e+02 4.270107410285275478e+02 2.060745454925383001e+03
4.265795188015925419e+02 4.153648907348697890e+02 2.026157814648943940e+03
4.365158322401665600e+02 4.039071677236020150e+02 1.992254665996826589e+03
4.466835921509634773e+02 3.926120282857697248e+02 1.958921999470598621e+03
4.570881896148752048e+02 3.814978851602618874e+02 1.926260833065839734e+03
4.677351412871981324e+02 3.705519006417248420e+02 1.894210652320745112e+03
4.786300923226380064e+02 3.597726177203706470e+02 1.862764122823242360e+03
4.897788193684466478e+02 3.491594558496619811e+02 1.831912841757528213e+03
5.011872336272724624e+02 3.387126664070194693e+02 1.801647404177149383e+03
5.128613839913648462e+02 3.284246659133700632e+02 1.771912821965314606e+03
5.248074602497722481e+02 3.183062066461040445e+02 1.742745116486792995e+03
5.370317963702532325e+02 3.083591225994783827e+02 1.714132762602703224e+03
5.495408738576247742e+02 2.985790083073142682e+02 1.686021457858510075e+03
5.623413251903490391e+02 2.889768401604038672e+02 1.658442030046434638e+03
5.754399373371566071e+02 2.795496646222549089e+02 1.631341150623747353e+03
5.888436553555895898e+02 2.703024278121585553e+02 1.604707663546984350e+03
6.025595860743580943e+02 2.612465282313015109e+02 1.578567436031237321e+03
6.165950018614821602e+02 2.523805802140803678e+02 1.552869013532823146e+03
6.309573444801930009e+02 2.437099957192932891e+02 1.527600192149168379e+03
6.456542290346562822e+02 2.352403704279329304e+02 1.502748398496733444e+03
6.606934480075964302e+02 2.269771698116407208e+02 1.478301010648745660e+03
6.760829753919819041e+02 2.189207181498842090e+02 1.454212433340093867e+03
6.918309709189362593e+02 2.110861578179253968e+02 1.430537023123347353e+03
7.079457843841387330e+02 2.034684214225296444e+02 1.407197344597439496e+03
7.244359600749905894e+02 1.960767564436947623e+02 1.384214298948534179e+03
7.413102413009177099e+02 1.889108088582237883e+02 1.361546450358121547e+03
7.585775750291835493e+02 1.819782397064889494e+02 1.339213908654029183e+03
7.762471166286927655e+02 1.752778654396416584e+02 1.317177684165721303e+03
7.943282347242821970e+02 1.688119715316495899e+02 1.295429942691054293e+03
8.128305161640995493e+02 1.625821474969535245e+02 1.273963339993033742e+03
8.317637711026708303e+02 1.565925241095957574e+02 1.252797186303638000e+03
8.511380382023759239e+02 1.508392451307948647e+02 1.231898165733610313e+03
8.709635899560814778e+02 1.453186240055902658e+02 1.211235994550954729e+03
8.912509381337458763e+02 1.400318667210298145e+02 1.190832404118112663e+03
9.120108393559096385e+02 1.349764195778096223e+02 1.170683380366266192e+03
9.332543007969904920e+02 1.301486464622731205e+02 1.150785862525751782e+03
9.549925860214368640e+02 1.255416547598000960e+02 1.131115179564542132e+03
9.772372209558111535e+02 1.211529675055764699e+02 1.111693073367549914e+03
1.000000000000000000e+03 1.169741010383494739e+02 1.092497598635847908e+03
