1.000000000000000048e-04 6.444429548659343254e+01 1.491796581418823564e+02
1.258925411794167436e-04 8.057724147998102637e+01 1.865252036233390527e+02
1.584893192461114190e-04 1.004300407406507247e+02 2.324816965061303335e+02
1.995262314968878758e-04 1.249893102321060780e+02 2.893330190209655939e+02
2.511886431509579545e-04 1.552463677208523052e+02 3.593739351093329333e+02
3.162277660168379394e-04 1.921773975863665100e+02 4.448641770084193467e+02
3.981071705534973523e-04 2.366647848585522809e+02 5.478463443946826601e+02
5.011872336272725275e-04 2.891676398153533682e+02 6.693832142570867063e+02
6.309573444801929842e-04 3.491141604605461453e+02 8.081511438173627084e+02
7.943282347242813140e-04 4.142652513568619383e+02 9.589669358761797184e+02
1.000000000000000021e-03 4.794849637561689519e+02 1.109941577252537627e+03
1.258925411794167490e-03 5.368953511343153195e+02 1.242838707994647166e+03
1.584893192461114082e-03 5.765436241107901196e+02 1.334618993028207115e+03
1.995262314968878920e-03 5.896353872724588427e+02 1.364924619588102587e+03
2.511886431509582039e-03 5.717192173740922954e+02 1.323451156646666050e+03
3.162277660168379394e-03 5.257254876659250158e+02 1.216982014223317492e+03
3.981071705534973415e-03 4.593317599146812427e+02 1.063289689186475925e+03
5.011872336272724625e-03 3.828406493461549189e+02 8.862233152064926571e+02
6.309573444801930275e-03 3.054572838555319549e+02 7.070914941105353364e+02
7.943282347242820729e-03 2.339007776849318816e+02 5.414480489032196147e+02
1.000000000000000021e-02 1.718763980539182228e+02 3.978701622966096352e+02
1.258925411794167490e-02 1.209649607654468753e+02 2.800172049035689952e+02
1.584893192461114125e-02 8.103159282249767159e+01 1.875769643329744838e+02
1.995262314968880915e-02 5.112276892317017030e+01 1.183421609878804048e+02
2.511886431509582213e-02 3.000886871592803473e+01 6.946639330083264952e+01
3.162277660168379134e-02 1.638293450806510876e+01 3.792423442323818961e+01
3.981071705534973415e-02 8.569122936918578404e+00 1.983633804440011161e+01
5.011872336272724798e-02 4.524412013178111813e+00 1.047338996140238265e+01
6.309573444801935826e-02 2.464705573834613084e+00 5.705453557197007086e+00
7.943282347242822117e-02 1.232813947147184841e+00 2.853794300943536477e+00
1.000000000000000056e-01 5.204124148401320094e-01 1.204682983225303650e+00
