1.000000000000000048e-04 3.486280219163179572e+04 9.794211425585855579e+01 3.476486007737593900e+04 4.072970231303863216e+02
1.023292992280753577e-04 3.486480628856457770e+04 1.001401638554271187e+02 3.476466612470914697e+04 4.164377217069937274e+02
1.047128548050899619e-04 3.486710749140897678e+04 1.026398419051357962e+02 3.476446764950384386e+04 4.268327570807776965e+02
1.071519305237605887e-04 3.486921318961583165e+04 1.049486434252923317e+02 3.476426454619054130e+04 4.364340234530528733e+02
1.096478196143185150e-04 3.487136606052498973e+04 1.073093537948883665e+02 3.476405670673010172e+04 4.462511556039337393e+02
1.122018454301963009e-04 3.487356709487242188e+04 1.097230743167450129e+02 3.476384402055567625e+04 4.562887333783464214e+02
1.148153621496882939e-04 3.487581743466707849e+04 1.121910601537466050e+02 3.476362637451333285e+04 4.665519764574735859e+02
1.174897554939529059e-04 3.487811814242126275e+04 1.147144896200768187e+02 3.476340365280118567e+04 4.770457849452833443e+02
1.202264434617413111e-04 3.488047035770105140e+04 1.172946207937543477e+02 3.476317573690729478e+04 4.877753906494921239e+02
1.230268770812381065e-04 3.488287523181377037e+04 1.199327262679963582e+02 3.476294250554577593e+04 4.987460857420845173e+02
1.258925411794167436e-04 3.488533391280626529e+04 1.226300782146653887e+02 3.476270383459160075e+04 5.099631606450731738e+02
1.288249551693133660e-04 3.488784761750690086e+04 1.253880204930717923e+02 3.476245959701383254e+04 5.214322038986274492e+02
1.318256738556407401e-04 3.489041759015395655e+04 1.282079273466387690e+02 3.476220966280731955e+04 5.331589303993196154e+02
1.348962882591653344e-04 3.489304505734287523e+04 1.310911584203724942e+02 3.476195389892250387e+04 5.451489943382570118e+02
1.380384264602885192e-04 3.489573127107228356e+04 1.340391018783563766e+02 3.476169216919392784e+04 5.574081685074804682e+02
1.412537544622754072e-04 3.489847760654982267e+04 1.370532722830341186e+02 3.476142433426679054e+04 5.699427513359688646e+02
1.445439770745927987e-04 3.490128537442486413e+04 1.401351229030326522e+02 3.476115025152183080e+04 5.827587863627597926e+02
1.479108388168207295e-04 3.490415592868303793e+04 1.432861536845956891e+02 3.476086977499844215e+04 5.958625112416812044e+02
1.513561248436208798e-04 3.490709065286447003e+04 1.465078975485452020e+02 3.476058275531592517e+04 6.092603007568484372e+02
1.548816618912481058e-04 3.491009104944310820e+04 1.498020098502648523e+02 3.476028903959284071e+04 6.229590388466915556e+02
1.584893192461114190e-04 3.491315843975240568e+04 1.531699683878571250e+02 3.475998847136455151e+04 6.369648710734007864e+02
1.621810097358929842e-04 3.491629444481567043e+04 1.566135543170663880e+02 3.475968089049860282e+04 6.512852045316412841e+02
1.659586907437561511e-04 3.491950050137460494e+04 1.601343682663016637e+02 3.475936613310830580e+04 6.659266955893610884e+02
1.698243652461744297e-04 3.492277824730434804e+04 1.637342158402734356e+02 3.475904403146407276e+04 6.808968530240589416e+02
1.737800828749376319e-04 3.492612920269071765e+04 1.674147887879449854e+02 3.475871441390277323e+04 6.962027121443317128e+02
1.778279410038922698e-04 3.492955499754784250e+04 1.711778928130261477e+02 3.475837710473481275e+04 7.118517821514992647e+02
1.819700858609982642e-04 3.493305727709067287e+04 1.750253529416808647e+02 3.475803192414899240e+04 7.278516526069766996e+02
1.862087136662867555e-04 3.493663778601577360e+04 1.789590979005130293e+02 3.475767868811525841e+04 7.442103443228070319e+02
1.905460717963248141e-04 3.494029822277335188e+04 1.829810144884693841e+02 3.475731720828488324e+04 7.609357037604781908e+02
1.949844599758045584e-04 3.494404034334429161e+04 1.870930514558905315e+02 3.475694729188839847e+04 7.780358350176682052e+02
1.995262314968878758e-04 3.494786598671733373e+04 1.912972450862590108e+02 3.475656874163107568e+04 7.955192062118217109e+02
2.041737944669529570e-04 3.495177696326909063e+04 1.955956076832464419e+02 3.475618135558584618e+04 8.133941857485739320e+02
2.089296130854038740e-04 3.495577521719680226e+04 1.999902901131296744e+02 3.475578492708367412e+04 8.316697182632234444e+02
2.137962089502232373e-04 3.495986256701643288e+04 2.044833224151340403e+02 3.475537924460129580e+04 8.503542459364888373e+02
2.187761623949551837e-04 3.496404111351032043e+04 2.090770218640272446e+02 3.475496409164629586e+04 8.694574054441756061e+02
2.238721138568339957e-04 3.496831275646830181e+04 2.137735098289691678e+02 3.475453924663933140e+04 8.889880187910997620e+02
2.290867652767772324e-04 3.497267955982834974e+04 2.185750770347724199e+02 3.475410448279357661e+04 9.089556122693877569e+02
2.344228815319922591e-04 3.497714365988822101e+04 2.234840918969164818e+02 3.475365956799130799e+04 9.293700352659714099e+02
2.398832919019489897e-04 3.498170716025336878e+04 2.285028955959488428e+02 3.475320426465741912e+04 9.502410239251222492e+02
2.454708915685031270e-04 3.498637223383147648e+04 2.336339042015852101e+02 3.475273832962989400e+04 9.715786258378041111e+02
2.511886431509579545e-04 3.499114113001021178e+04 2.388796159829596206e+02 3.475226151402725372e+04 9.933932304428926727e+02
2.570395782768864759e-04 3.499601617453391373e+04 2.442426114211919810e+02 3.475177356311272160e+04 1.015695569080700579e+03
2.630267991895381412e-04 3.500099957012185041e+04 2.497253539668367353e+02 3.475127421615501225e+04 1.038495886433806845e+03
2.691534803926916666e-04 3.500609376844226063e+04 2.553305621562565761e+02 3.475076320628600661e+04 1.061805487993686029e+03
2.754228703338166195e-04 3.501130115632443631e+04 2.610608959697337923e+02 3.475024026035470160e+04 1.085635435766170758e+03
2.818382931264455009e-04 3.501662419981767744e+04 2.669191010399133006e+02 3.474970509877776203e+04 1.109997147971357890e+03
2.884031503126605490e-04 3.502206548230703629e+04 2.729080469206053294e+02 3.474915743538643437e+04 1.134902558188214243e+03
2.951209226666386826e-04 3.502762744585051405e+04 2.790304685807663532e+02 3.474859697726974991e+04 1.160363040345479931e+03
3.019951720402015813e-04 3.503331288052057789e+04 2.852894559067532896e+02 3.474802342461382796e+04 1.186391444344686761e+03
3.090295432513592063e-04 3.503912436974770389e+04 2.916878992103048631e+02 3.474743647053739551e+04 1.212999790177826981e+03
3.162277660168379394e-04 3.504506457744223007e+04 2.982287765190024516e+02 3.474683580092322518e+04 1.240200462642162393e+03
3.235936569296281036e-04 3.505113640158252383e+04 3.049153073370541165e+02 3.474622109424546943e+04 1.268006850765243826e+03
3.311311214825911017e-04 3.505734265899237653e+04 3.117506375995948247e+02 3.474559202139278204e+04 1.296432037673033392e+03
3.388441561392027332e-04 3.506368622282370779e+04 3.187379773365841515e+02 3.474494824548712495e+04 1.325489373075351750e+03
3.467368504525316893e-04 3.507017006168579974e+04 3.258806399876180535e+02 3.474428942169818038e+04 1.355192636761665426e+03
3.548133892335753221e-04 3.507679712686555285e+04 3.331819298124365218e+02 3.474361519705311366e+04 1.385555570394657025e+03
3.630780547701014001e-04 3.508357062813842640e+04 3.406454178965784649e+02 3.474292521024184680e+04 1.416593025298449447e+03
3.715352290971728048e-04 3.509049356038143742e+04 3.482744689640998104e+02 3.474221909141734068e+04 1.448318994686643464e+03
3.801893963205612366e-04 3.509756922272007796e+04 3.560727607288816330e+02 3.474149646199119888e+04 1.480748773417560869e+03
3.890451449942804976e-04 3.510480077147381962e+04 3.640438370497493565e+02 3.474075693442406919e+04 1.513897099768905264e+03
3.981071705534973523e-04 3.511219159574095102e+04 3.721914837300054160e+02 3.474000011201094458e+04 1.547779718225789338e+03
4.073802778041126058e-04 3.511974506862283306e+04 3.805194799616127739e+02 3.473922558866121835e+04 1.582412345852064391e+03
4.168693834703355054e-04 3.512746462508976401e+04 3.890316764164840038e+02 3.473843294867328223e+04 1.617810997042432518e+03
4.265795188015925705e-04 3.513535363151328784e+04 3.977318650097786303e+02 3.473762176650350739e+04 1.653991441930862038e+03
4.365158322401661091e-04 3.514341588924207463e+04 4.066242827124182213e+02 3.473679160652965948e+04 1.690971301530401888e+03
4.466835921509630485e-04 3.515165500255110237e+04 4.157129797428681854e+02 3.473594202280823083e+04 1.728767420327926857e+03
4.570881896148752048e-04 3.516007437686597405e+04 4.250018180399623589e+02 3.473507255882601021e+04 1.767395859939240609e+03
4.677351412871981343e-04 3.516867825382423325e+04 4.344955065789428659e+02 3.473418274724529329e+04 1.806876204540585604e+03
4.786300923226385375e-04 3.517747002149155014e+04 4.441979118487427627e+02 3.473327210964280675e+04 1.847224534893729697e+03
4.897788193684460972e-04 3.518645392015704419e+04 4.541137639147780760e+02 3.473234015624226595e+04 1.888460523120106927e+03
5.011872336272725275e-04 3.519563373819176923e+04 4.642473525516609811e+02 3.473138638564010762e+04 1.930602010497427500e+03
5.128613839913648362e-04 3.520501354596521560e+04 4.746032614407636743e+02 3.473041028452444880e+04 1.973668060674765456e+03
5.248074602497722861e-04 3.521459731915669545e+04 4.851859917697286164e+02 3.472941132738696615e+04 2.017677394397392391e+03
5.370317963702527170e-04 3.522438956790301745e+04 4.960005916752517692e+02 3.472838897622776858e+04 2.062651007095852492e+03
5.495408738576247707e-04 3.523439418254894554e+04 5.070515022964043510e+02 3.472734268025254278e+04 2.108607370135247493e+03
5.623413251903490971e-04 3.524461571474825905e+04 5.183438391858060186e+02 3.472627187556245190e+04 2.155567759659083549e+03
5.754399373371566406e-04 3.525505830914260878e+04 5.298823243066498208e+02 3.472517598483595793e+04 2.203551815241513850e+03
5.888436553555889425e-04 3.526572667838855705e+04 5.416722613857115221e+02 3.472405441700284427e+04 2.252581595971975730e+03
6.025595860743581137e-04 3.527662517850648874e+04 5.537186115965580484e+02 3.472290656690992910e+04 2.302677736636042482e+03
6.165950018614822694e-04 3.528775842275498144e+04 5.660266077766731314e+02 3.472173181497830956e+04 2.353862001994794809e+03
6.309573444801929842e-04 3.529913097357888910e+04 5.786014467268614681e+02 3.472052952685202763e+04 2.406156007207389848e+03
6.456542290346555619e-04 3.531074780483605718e+04 5.914487517982424833e+02 3.471929905303781561e+04 2.459583141550425808e+03
6.606934480075964729e-04 3.532261342002845777e+04 6.045736914927465477e+02 3.471803972853571031e+04 2.514164903073431105e+03
6.760829753919818602e-04 3.533473273699066340e+04 6.179818645304582105e+02 3.471675087246020848e+04 2.569924579235942019e+03
6.918309709189362274e-04 3.534711068189559592e+04 6.316788942436678553e+02 3.471543178765192715e+04 2.626885560187830833e+03
7.079457843841380172e-04 3.535975233501466573e+04 6.456705747354092182e+02 3.471408176027925947e+04 2.685071946604088680e+03
7.244359600749898306e-04 3.537266253893747489e+04 6.599624795075808379e+02 3.471270005942989519e+04 2.744506922159086571e+03
7.413102413009177395e-04 3.538584668153886014e+04 6.745607448469131668e+02 3.471128593669194379e+04 2.805216011325551335e+03
7.585775750291835285e-04 3.539930942852398584e+04 6.894708027997436375e+02 3.470983862572424550e+04 2.867221810376681333e+03
7.762471166286919301e-04 3.541305645652091334e+04 7.046991147051548978e+02 3.470835734181576117e+04 2.930551196455080571e+03
7.943282347242813140e-04 3.542709299966991239e+04 7.202517182364042583e+02 3.470684128143350972e+04 2.995229285358754623e+03
8.128305161640994808e-04 3.544142403368492523e+04 7.361344119259001673e+02 3.470528962175902416e+04 3.061280198934842701e+03
8.317637711026708769e-04 3.545605517305392277e+04 7.523536528412116695e+02 3.470370152021270769e+04 3.128730798180363308e+03
8.511380382023767902e-04 3.547099178493695945e+04 7.689156709709493498e+02 3.470207611396600987e+04 3.197607000378737666e+03
8.709635899560805045e-04 3.548623942362967500e+04 7.858269041887928097e+02 3.470041251944088435e+04 3.267935587977813157e+03
8.912509381337459322e-04 3.550180331413217209e+04 8.030934823358737731e+02 3.469870983179629548e+04 3.339742063142542065e+03
9.120108393559096371e-04 3.551768930541528243e+04 8.207221810137649527e+02 3.469696712440151896e+04 3.413054614241088075e+03
9.332543007969905120e-04 3.553390303201142524e+04 8.387195837159964640e+02 3.469518344829542912e+04 3.487900631541006533e+03
9.549925860214359069e-04 3.555044976551769651e+04 8.570919338857185039e+02 3.469335783163197630e+04 3.564306092026753959e+03
9.772372209558110971e-04 3.556733553757821210e+04 8.758462584672097364e+02 3.469148927911100327e+04 3.642300231861006068e+03
1.000000000000000021e-03 3.558456559793800989e+04 8.949888265438261215e+02 3.468957677139418229e+04 3.721909136532638058e+03
1.023292992280753523e-03 3.560214574629115668e+04 9.145264817854288140e+02 3.468761926450573083e+04 3.803161282043316078e+03
1.047128548050899619e-03 3.562008194512195769e+04 9.344662559047884542e+02 3.468561568921717117e+04 3.886085927498313595e+03
1.071519305237607052e-03 3.563837964454759640e+04 9.548146941315110325e+02 3.468356495041608287e+04 3.970710310086230493e+03
1.096478196143185150e-03 3.565704464256759093e+04 9.755787161095724969e+02 3.468146592645801866e+04 4.057063225296955352e+03
1.122018454301963036e-03 3.567608265055130323e+04 9.967651820499180531e+02 3.467931746850138734e+04 4.145173222802234704e+03
1.148153621496882885e-03 3.569549915638697712e+04 1.018380756562308420e+03 3.467711839982467063e+04 4.235068040270596612e+03
1.174897554939530360e-03 3.571530013665700244e+04 1.040432621531539098e+03 3.467486751512546471e+04 4.326777568048813009e+03
1.202264434617413003e-03 3.573549095840208611e+04 1.062927378601235432e+03 3.467256357980085158e+04 4.420329285100944617e+03
1.230268770812381228e-03 3.575607738541721483e+04 1.085872056208589129e+03 3.467020532920862752e+04 4.515752447000189022e+03
1.258925411794167490e-03 3.577706467702442023e+04 1.109273209115654254e+03 3.466779146790876257e+04 4.613074341321479551e+03
1.288249551693134961e-03 3.579845905556338403e+04 1.133138386678941515e+03 3.466532066888444388e+04 4.712326393772238589e+03
1.318256738556407509e-03 3.582026543298285105e+04 1.157473860240626891e+03 3.466279157274222234e+04 4.813534717348563390e+03
1.348962882591653182e-03 3.584248902222221659e+04 1.182286235331424223e+03 3.466020278689078987e+04 4.916726817045984717e+03
1.380384264602885300e-03 3.586513604212931386e+04 1.207583157432035478e+03 3.465755288469728112e+04 5.021934525039177970e+03
1.412537544622755482e-03 3.588821075852371723e+04 1.233370353902637362e+03 3.465484040462107805e+04 5.129181699223430769e+03
1.445439770745927987e-03 3.591171883866503049e+04 1.259654989341127930e+03 3.465206384932390210e+04 5.238498177177572870e+03
1.479108388168207241e-03 3.593566498175187007e+04 1.286443296995973469e+03 3.464922168475589569e+04 5.349909926177710076e+03
1.513561248436207226e-03 3.596005457210192981e+04 1.313742232885287194e+03 3.464631233921664534e+04 5.463445922323345258e+03
1.548816618912481112e-03 3.598489178963469749e+04 1.341557587243889884e+03 3.464333420239080442e+04 5.579130296841292875e+03
1.584893192461114082e-03 3.601018133227701765e+04 1.369895707920009727e+03 3.464028562435700587e+04 5.696989503352408065e+03
1.621810097358929734e-03 3.603592828775687667e+04 1.398763373186827266e+03 3.463716491457005031e+04 5.817051789174031910e+03
1.659586907437559777e-03 3.606213631329421332e+04 1.428165972479549509e+03 3.463397034081466700e+04 5.939339629772772241e+03
1.698243652461744243e-03 3.608880974923865870e+04 1.458109621107935709e+03 3.463070012813072390e+04 6.063878523473409587e+03
1.737800828749376265e-03 3.611595222355730948e+04 1.488599765848598736e+03 3.462735245770870824e+04 6.190691192783326187e+03
1.778279410038922752e-03 3.614356749374701030e+04 1.519642027992375006e+03 3.462392546575463348e+04 6.319801090665511765e+03
1.819700858609982642e-03 3.617165897574847622e+04 1.551241733425030588e+03 3.462041724232344859e+04 6.451230446568504703e+03
1.862087136662867555e-03 3.620023023787616694e+04 1.583404407756260525e+03 3.461682583011990937e+04 6.585002325855350136e+03
1.905460717963248195e-03 3.622928387349840341e+04 1.616134650232038894e+03 3.461314922326636588e+04 6.721135947009654956e+03
1.949844599758045584e-03 3.625882218639306666e+04 1.649436820357441775e+03 3.460938536603562534e+04 6.859649537461904401e+03
1.995262314968878920e-03 3.628884781495596690e+04 1.683315663407134934e+03 3.460553215154883219e+04 7.000562935323281636e+03
2.041737944669529733e-03 3.631936295079274714e+04 1.717775530356300806e+03 3.460158742043644452e+04 7.143894345652508491e+03
2.089296130854040746e-03 3.635036813868342142e+04 1.752819179221654622e+03 3.459754895946176839e+04 7.289655355854535628e+03
2.137962089502232644e-03 3.638186600058145268e+04 1.788451500475958937e+03 3.459341450010549306e+04 7.437866429397199681e+03
2.187761623949552054e-03 3.641385661815693311e+04 1.824674901046435707e+03 3.458918171711049945e+04 7.588537709193232331e+03
2.238721138568339902e-03 3.644634081350556517e+04 1.861492586520489567e+03 3.458484822698507924e+04 7.741682668164403367e+03
2.290867652767774546e-03 3.647931797929703316e+04 1.898906392832964457e+03 3.458041158646406984e+04 7.897309092090365993e+03
2.344228815319922537e-03 3.651278822918907827e+04 1.936918938263230757e+03 3.457586929092584614e+04 8.055428029981260806e+03
2.398832919019489897e-03 3.654675069505667489e+04 1.975531922292232139e+03 3.457121877276444138e+04 8.216046719838783247e+03
2.454708915685031162e-03 3.658120347944286914e+04 2.014746079727835195e+03 3.456645739971503644e+04 8.379168398419311416e+03
2.511886431509582039e-03 3.661614472843028489e+04 2.054562255298858872e+03 3.456158247313142783e+04 8.544796770978873610e+03
2.570395782768864542e-03 3.665157230149251700e+04 2.094981075278344179e+03 3.455659122621417191e+04 8.712934646270356097e+03
2.630267991895381303e-03 3.668748274626690545e+04 2.136001924079171204e+03 3.455148082218773197e+04 8.883579680942226332e+03
2.691534803926913955e-03 3.672387251745443791e+04 2.177624165029379128e+03 3.454624835242505651e+04 9.056729457387946240e+03
2.754228703338165978e-03 3.676073725237489271e+04 2.219846417856878816e+03 3.454089083451801707e+04 9.232378479599921775e+03
2.818382931264454792e-03 3.679807241539442475e+04 2.262667205102509342e+03 3.453540521029191586e+04 9.410520862401157501e+03
2.884031503126605490e-03 3.683587160480605962e+04 2.306083261043492712e+03 3.452978834376256418e+04 9.591143299041103091e+03
2.951209226666384224e-03 3.687412852867411857e+04 2.350091509640218646e+03 3.452403701903390174e+04 9.774233288380886734e+03
3.019951720402016138e-03 3.691283710335879005e+04 2.394689165224397129e+03 3.451814793813439610e+04 9.959779554676249973e+03
3.090295432513592063e-03 3.695198831849804264e+04 2.439870599707676320e+03 3.451211771879036678e+04 1.014775901894818344e+04
3.162277660168379394e-03 3.699157364153285744e+04 2.485630749398558237e+03 3.450594289213429875e+04 1.033815096921255099e+04
3.235936569296281144e-03 3.703158327275333431e+04 2.531963372407422412e+03 3.449961990034591145e+04 1.053092981390406931e+04
3.311311214825910908e-03 3.707200870768882305e+04 2.578863613464591253e+03 3.449314509422422998e+04 1.072607575055942834e+04
3.388441561392027332e-03 3.711283650096921338e+04 2.626321770280924738e+03 3.448651473068828636e+04 1.092354883998327750e+04
3.467368504525316676e-03 3.715405574807318044e+04 2.674330777868981386e+03 3.447972497020419542e+04 1.112332013625524087e+04
3.548133892335753221e-03 3.719565298979671206e+04 2.722881115660132309e+03 3.447277187413658248e+04 1.132535050557811337e+04
3.630780547701014001e-03 3.723761377149031614e+04 2.771962369468589259e+03 3.446565140202172915e+04 1.152959712406573817e+04
3.715352290971727939e-03 3.727992427025207871e+04 2.821564861491820011e+03 3.445835940876026143e+04 1.173602025889850665e+04
3.801893963205612691e-03 3.732256760967949231e+04 2.871675967952889550e+03 3.445089164172660094e+04 1.194456795348656306e+04
3.890451449942804868e-03 3.736552757284729159e+04 2.922283835054332485e+03 3.444324373779296002e+04 1.215519148496224625e+04
3.981071705534973415e-03 3.740878342185485235e+04 2.973372201589821543e+03 3.443541122026502853e+04 1.236782383055442915e+04
4.073802778041130286e-03 3.745231940469374240e+04 3.024929908967136726e+03 3.442738949572660204e+04 1.258241922601220722e+04
4.168693834703355271e-03 3.749611268204727094e+04 3.076938831256773483e+03 3.441917385079049564e+04 1.279890296219837364e+04
4.265795188015925922e-03 3.754014150013489416e+04 3.129382051382049212e+03 3.441075944875284767e+04 1.301720539560429825e+04
4.365158322401660983e-03 3.758438412740672356e+04 3.182242801258977124e+03 3.440214132614774280e+04 1.323725754188502833e+04
4.466835921509634821e-03 3.762881638000217208e+04 3.235501990802889850e+03 3.439331438919928041e+04 1.345898079917537871e+04
4.570881896148752156e-03 3.767341258306738018e+04 3.289139172899535424e+03 3.438427341016784339e+04 1.368229096371246851e+04
4.677351412871981126e-03 3.771814653620536410e+04 3.343133512617879205e+03 3.437501302358748217e+04 1.390710226346705713e+04
4.786300923226380170e-03 3.776298900088994560e+04 3.397461278498911724e+03 3.436552772239103069e+04 1.413331692415383077e+04
4.897788193684460972e-03 3.780791282811854762e+04 3.452100974198908261e+03 3.435581185391963663e+04 1.436084651843631218e+04
5.011872336272724625e-03 3.785288494574143988e+04 3.507025329928128031e+03 3.434585961581331503e+04 1.458957865268213209e+04
5.128613839913647929e-03 3.789787567481656151e+04 3.562210623037793084e+03 3.433566505177877116e+04 1.481941574268867953e+04
5.248074602497722861e-03 3.794284971983305149e+04 3.617627672601834547e+03 3.432522204723121831e+04 1.505023755273883762e+04
5.370317963702526953e-03 3.798777272193238605e+04 3.673248397126226337e+03 3.431452432480615971e+04 1.528192847837456429e+04
5.495408738576248141e-03 3.803260821739497624e+04 3.729042777657516581e+03 3.430356543973746011e+04 1.551436491476519586e+04
5.623413251903490971e-03 3.807731798927349155e+04 3.784979214175563357e+03 3.429233877509793092e+04 1.574741674140883515e+04
5.754399373371566623e-03 3.812186279283687327e+04 3.841025255938580358e+03 3.428083753689829609e+04 1.598095036288356641e+04
5.888436553555889859e-03 3.816620146668602683e+04 3.897146717645412082e+03 3.426905474904061703e+04 1.621482503390655984e+04
6.025595860743580487e-03 3.821029220183011785e+04 3.953308953708102308e+03 3.425698324812201463e+04 1.644889816334910938e+04
6.165950018614822260e-03 3.825408785841248755e+04 4.009472180327965816e+03 3.424461567808451946e+04 1.668300585255101032e+04
6.309573444801930275e-03 3.829754509140507434e+04 4.065600606698455977e+03 3.423194448470661882e+04 1.691700089048482550e+04
6.456542290346555836e-03 3.834061396019952372e+04 4.121652050266930928e+03 3.421896190993259370e+04 1.715070954669196362e+04
6.606934480075964296e-03 3.838324753328727093e+04 4.177587547252730474e+03 3.420565998603453772e+04 1.738397156223356797e+04
6.760829753919818386e-03 3.842539351415486453e+04 4.233362984551587033e+03 3.419203052960327477e+04 1.761660533177954130e+04
6.918309709189362708e-03 3.846699786843113543e+04 4.288932733067931622e+03 3.417806513536320563e+04 1.784842302337254660e+04
7.079457843841380389e-03 3.850800818513118429e+04 4.344253015324457920e+03 3.416375516980672546e+04 1.807924459496427880e+04
7.244359600749906113e-03 3.854836489301880647e+04 4.399273128375420129e+03 3.414909176464338816e+04 1.830886127007584582e+04
7.413102413009176744e-03 3.858801162340482551e+04 4.453945813345490933e+03 3.413406581005933549e+04 1.853707869281521562e+04
7.585775750291835935e-03 3.862688625162005337e+04 4.508218303837878011e+03 3.411866794778217445e+04 1.876367967553997005e+04
7.762471166286919952e-03 3.866492911043592903e+04 4.562040546489222834e+03 3.410288856394670438e+04 1.898845841302756526e+04
7.943282347242820729e-03 3.870207258006271149e+04 4.615354798306168959e+03 3.408671778175653890e+04 1.921117718643276748e+04
8.128305161640994592e-03 3.873825254680655780e+04 4.668107092869362532e+03 3.407014545393719891e+04 1.943161408808087435e+04
8.317637711026708985e-03 3.877339916646052006e+04 4.720238011484701019e+03 3.405316115497581632e+04 1.964952460854290621e+04
8.511380382023758795e-03 3.880744295180356130e+04 4.771688778660914068e+03 3.403575417314264632e+04 1.986466700847951142e+04
8.709635899560804612e-03 3.884031278472251142e+04 4.822399282432439577e+03 3.401791350229007367e+04 2.007679407848710980e+04
8.912509381337458889e-03 3.887193142290398100e+04 4.872303589479745824e+03 3.399962783342423791e+04 2.028563446588180159e+04
9.120108393559096804e-03 3.890222287364107615e+04 4.921337327595956594e+03 3.398088554604511592e+04 2.049092340674881052e+04
9.332543007969904686e-03 3.893110864794557710e+04 4.969433948695240360e+03 3.396167469925033947e+04 2.069238716680584184e+04
9.549925860214358853e-03 3.895850907515532890e+04 5.016526052556579998e+03 3.394198302259874617e+04 2.088974855029612445e+04
9.772372209558111839e-03 3.898433640386140178e+04 5.062538497131800796e+03 3.392179790672960371e+04 2.108269820572338358e+04
1.000000000000000021e-02 3.900850925917182030e+04 5.107402865438295521e+03 3.390110639373352751e+04 2.127095486384535980e+04
1.023292992280754737e-02 3.903093719857730321e+04 5.151042031306071294e+03 3.387989516727123555e+04 2.145420105996427083e+04
1.047128548050899575e-02 3.905152892663850798e+04 5.193378384201303561e+03 3.385815054243720078e+04 2.163211737642121079e+04
1.071519305237607009e-02 3.907019646498065413e+04 5.234338009616096315e+03 3.383585845536455599e+04 2.180439985060432082e+04
1.096478196143185063e-02 3.908683931247459259e+04 5.273834859905984558e+03 3.381300445256860985e+04 2.197069403094920199e+04
1.122018454301963036e-02 3.910136405299907346e+04 5.311790372972376645e+03 3.378957368002669682e+04 2.213067668702356241e+04
1.148153621496882971e-02 3.911366723777683364e+04 5.348116365784682785e+03 3.376555087199214904e+04 2.228398453612961748e+04
1.174897554939529146e-02 3.912365219159846311e+04 5.382731852057753713e+03 3.374092033954070939e+04 2.243028429586045240e+04
1.202264434617413176e-02 3.913120983319195511e+04 5.415543874343208699e+03 3.371566595884874550e+04 2.256919280397814873e+04
1.230268770812381098e-02 3.913623932153126952e+04 5.446468162328857943e+03 3.368977115920241340e+04 2.270036308218729755e+04
1.258925411794167490e-02 3.913862706063850055e+04 5.475408149900422359e+03 3.366321891073807637e+04 2.282339687432257051e+04
1.288249551693133529e-02 3.913826709785893036e+04 5.502275385943813490e+03 3.363599171191511414e+04 2.293792968971061055e+04
1.318256738556407466e-02 3.913504449689066678e+04 5.526972920168313976e+03 3.360807157672235189e+04 2.304356153184922732e+04
1.348962882591653312e-02 3.912884626400847628e+04 5.549406242387394741e+03 3.357944002162107790e+04 2.313990246936015319e+04
1.380384264602885214e-02 3.911955895444993075e+04 5.569480902221928773e+03 3.355007805222800380e+04 2.322656268928629652e+04
1.412537544622754007e-02 3.910706260150432354e+04 5.587096451761709432e+03 3.351996614974261320e+04 2.330312720406229346e+04
1.445439770745927943e-02 3.909124528595893207e+04 5.602161028834125318e+03 3.348908425712480675e+04 2.336921663596411236e+04
1.479108388168207111e-02 3.907198551553084690e+04 5.614573750501285758e+03 3.345741176502955932e+04 2.342441375104463805e+04
1.513561248436208657e-02 3.904916777002674644e+04 5.624240272519547034e+03 3.342492749750719668e+04 2.346832831774814986e+04
1.548816618912481069e-02 3.902267600319001212e+04 5.631066305711450696e+03 3.339160969747856143e+04 2.350057002591561104e+04
1.584893192461114125e-02 3.899239065707413101e+04 5.634954645077055829e+03 3.335743601199707336e+04 2.352073603985771479e+04
1.621810097358929864e-02 3.895819740494339203e+04 5.635813927633069397e+03 3.332238347731032263e+04 2.352844749918426533e+04
1.659586907437561251e-02 3.891998863424232695e+04 5.633560130505949928e+03 3.328642850373638066e+04 2.352335573999930421e+04
1.698243652461744330e-02 3.887765247741569328e+04 5.628105617043763232e+03 3.324954686037192732e+04 2.350509651703927011e+04
1.737800828749376178e-02 3.883108268990681245e+04 5.619369030255516918e+03 3.321171365965129371e+04 2.347333125311333060e+04
1.778279410038922925e-02 3.878018018682581896e+04 5.607276845047602365e+03 3.317290334177821933e+04 2.342775348262310945e+04
1.819700858609984290e-02 3.872485421347439114e+04 5.591764554420096829e+03 3.313308965905429068e+04 2.336809377166544073e+04
1.862087136662867598e-02 3.866501070787094795e+04 5.572765047739740112e+03 3.309224566013120784e+04 2.329407110673064017e+04
1.905460717963248368e-02 3.860057965840552788e+04 5.550235984189123883e+03 3.305034367421640491e+04 2.320550725110113854e+04
1.949844599758045541e-02 3.853149069936213345e+04 5.524135404096608909e+03 3.300735529526552273e+04 2.310222479448707236e+04
1.995262314968880915e-02 3.845768161222328490e+04 5.494430246025696761e+03 3.296325136619758996e+04 2.298408270178173552e+04
2.041737944669529473e-02 3.837911010601649468e+04 5.461108142843037058e+03 3.291800196317345399e+04 2.285102563492582340e+04
2.089296130854038577e-02 3.829574298704124521e+04 5.424166607060313254e+03 3.287157637998092832e+04 2.270303872280954602e+04
2.137962089502232557e-02 3.820756352474893356e+04 5.383620412173991099e+03 3.282394311257493973e+04 2.254017844223053908e+04
2.187761623949551967e-02 3.811456982840537239e+04 5.339499984580450473e+03 3.277506984382492374e+04 2.236256591103841856e+04
2.238721138568339902e-02 3.801677939567036810e+04 5.291855967143849739e+03 3.272492342852651564e+04 2.217040603378296873e+04
2.290867652767772378e-02 3.791422355901222909e+04 5.240753680272617203e+03 3.267346987873960825e+04 2.196396435723349714e+04
2.344228815319922624e-02 3.780695586282233126e+04 5.186281513302385065e+03 3.262067434951994437e+04 2.174360229357253047e+04
2.398832919019489723e-02 3.769505043074206333e+04 5.128549305624933368e+03 3.256650112511712723e+04 2.150977045129287580e+04
2.454708915685031162e-02 3.757859276146282355e+04 5.067679155745433491e+03 3.251091360571738915e+04 2.126297020122329195e+04
2.511886431509579437e-02 3.745770185447028052e+04 5.003827559653764183e+03 3.245387429481651634e+04 2.100384667536862253e+04
2.570395782768864629e-02 3.733250255728215416e+04 4.937157769968529465e+03 3.239534478731362469e+04 2.073307298174179959e+04
2.630267991895381477e-02 3.720314414609871892e+04 4.867858387674379628e+03 3.233528575842433929e+04 2.045142838275749091e+04
2.691534803926916644e-02 3.706979635885370953e+04 4.796139405335058655e+03 3.227365695351865361e+04 2.015978193186894350e+04
2.754228703338166065e-02 3.693263952309034357e+04 4.722222344094141590e+03 3.221041717899619834e+04 1.985905126214799020e+04
2.818382931264454966e-02 3.679187133526625257e+04 4.646347040946615380e+03 3.214552429431963537e+04 1.955023134156758897e+04
2.884031503126605750e-02 3.664770070513413521e+04 4.568765499799228564e+03 3.207893520533491028e+04 1.923436888918548357e+04
2.951209226666387173e-02 3.650034685670468753e+04 4.489740997688817515e+03 3.201060585901587183e+04 1.891255888048590714e+04
3.019951720402016052e-02 3.635003512348546792e+04 4.409543883706562156e+03 3.194049123977890849e+04 1.858592713476804420e+04
3.090295432513592150e-02 3.619699659218638408e+04 4.328451224663329413e+03 3.186854536752305648e+04 1.825562909728197337e+04
3.162277660168379134e-02 3.604146212844217371e+04 4.246740830882259615e+03 3.179472129755991409e+04 1.792282493119718856e+04
3.235936569296284093e-02 3.588366154374979669e+04 4.164690421142530795e+03 3.171897112260726499e+04 1.758867624554394570e+04
3.311311214825911342e-02 3.572382021840448579e+04 4.082574241374105895e+03 3.164124597703037944e+04 1.725433207408766975e+04
3.388441561392027679e-02 3.556215567663556430e+04 4.000659633110949926e+03 3.156149604352461392e+04 1.692091460507823649e+04
3.467368504525316503e-02 3.539887495354832936e+04 3.919204391105070044e+03 3.147967056244325795e+04 1.658950820555695827e+04
3.548133892335756517e-02 3.523417154804635356e+04 3.838453704061726967e+03 3.139571784398462842e+04 1.626114664078527494e+04
3.630780547701013827e-02 3.506822938941852772e+04 3.758644105955961095e+03 3.130958528346256571e+04 1.593682996276652739e+04
3.715352290971724036e-02 3.490120794227544684e+04 3.679988562380594885e+03 3.122121937989485014e+04 1.561746143267931075e+04
3.801893963205612431e-02 3.473325454230920877e+04 3.602688784155536723e+03 3.113056575815367250e+04 1.530389975628649881e+04
3.890451449942804868e-02 3.456449572193284257e+04 3.526926527000256101e+03 3.103756919493258829e+04 1.499692224874531348e+04
3.981071705534973415e-02 3.439503725788241718e+04 3.452863609089030433e+03 3.094217364879338857e+04 1.469722488179484571e+04
4.073802778041125949e-02 3.422496791446418501e+04 3.380645619898336008e+03 3.084432229456584901e+04 1.440543803759314142e+04
4.168693834703354750e-02 3.405435359619116934e+04 3.310396033809961409e+03 3.074395756238120885e+04 1.412210141046428544e+04
4.265795188015925749e-02 3.388323424875672208e+04 3.242213067127813247e+03 3.064102118162890838e+04 1.384765042923972396e+04
4.365158322401661156e-02 3.371163710545560025e+04 3.176182875323575900e+03 3.053545423013202162e+04 1.358247241423925880e+04
4.466835921509629964e-02 3.353956061262245203e+04 3.112363423778514516e+03 3.042719718884394024e+04 1.332683754123403560e+04
4.570881896148751983e-02 3.336698014569912630e+04 3.050790143326626094e+03 3.031619000237250293e+04 1.308092263466532495e+04
4.677351412871981473e-02 3.319385007086687983e+04 2.991477925224457977e+03 3.020237214564242458e+04 1.284481936551932085e+04
4.786300923226385201e-02 3.302009603550903557e+04 2.934413338501723501e+03 3.008568269700731253e+04 1.261850040995374002e+04
4.897788193684461666e-02 3.284561489799556875e+04 2.879554479871677358e+03 2.996606041812389230e+04 1.240181809890068143e+04
5.011872336272724798e-02 3.267027499533957598e+04 2.826831154441411854e+03 2.984344384089816594e+04 1.219450437355614849e+04
5.128613839913648276e-02 3.249390957347110816e+04 2.776138211661791502e+03 2.971777136180931484e+04 1.199614104256951214e+04
5.248074602497728586e-02 3.231631647087803867e+04 2.727335126968079294e+03 2.958898134390995983e+04 1.180615662660167072e+04
5.370317963702526953e-02 3.213725319948705874e+04 2.680240972694874472e+03 2.945701222679218336e+04 1.162380299187841774e+04
5.495408738576248314e-02 3.195643927886947858e+04 2.634636634074329322e+03 2.932180264479514881e+04 1.144816299317400444e+04
5.623413251903491145e-02 3.177354575940417271e+04 2.590254205689481751e+03 2.918329155371469096e+04 1.127810214440422897e+04
5.754399373371572174e-02 3.158820267194279950e+04 2.546784305688328459e+03 2.904141836625447104e+04 1.111229759502963498e+04
5.888436553555889685e-02 3.139999530103044890e+04 2.503872204595553740e+03 2.889612309643489425e+04 1.094921822951924514e+04
6.025595860743580834e-02 3.120847020202162093e+04 2.461123688874130494e+03 2.874734651314749135e+04 1.078714682114484094e+04
6.165950018614822087e-02 3.101313929175578232e+04 2.418108988746535488e+03 2.859503030300924729e+04 1.062419360766403588e+04
6.309573444801935826e-02 3.081348922497371677e+04 2.374371982339776878e+03 2.843911724263393990e+04 1.045833292117760902e+04
6.456542290346556356e-02 3.060899471203003122e+04 2.329443331635794948e+03 2.827955138039423764e+04 1.028745736078287882e+04
6.606934480075957183e-02 3.039913435971335275e+04 2.282856132013093884e+03 2.811627822770025887e+04 1.010944362180116150e+04
6.760829753919818386e-02 3.018341131806779958e+04 2.234166358302344179e+03 2.794924495976545586e+04 9.922240460586768677e+03
6.918309709189363055e-02 2.996137696478247017e+04 2.182976339010459469e+03 2.777840062577201024e+04 9.723971529425753033e+03
7.079457843841380216e-02 2.973265273660242019e+04 2.128956368321466471e+03 2.760369636828095463e+04 9.513031774559811311e+03
7.244359600749898653e-02 2.949696523630786396e+04 2.071879584646738749e+03 2.742508565166112385e+04 9.288245353224232531e+03
7.413102413009177438e-02 2.925416235615241021e+04 2.011637856919604019e+03 2.724252449923280437e+04 9.048941718250947815e+03
7.585775750291835762e-02 2.900424174883924570e+04 1.948270010101028220e+03 2.705597173873821885e+04 8.795089762527051789e+03
7.762471166286918911e-02 2.874736455757039585e+04 1.881975301909577183e+03 2.686538925566081889e+04 8.527369085843945868e+03
7.943282347242813790e-02 2.848386398423217179e+04 1.813121730411569388e+03 2.667074225382060104e+04 8.247220744118963921e+03
8.128305161640994592e-02 2.821424864245621575e+04 1.742249119885102118e+03 2.647199952257111363e+04 7.956876989194572161e+03
8.317637711026708291e-02 2.793918203249311773e+04 1.670048322674425890e+03 2.626913370981869230e+04 7.659284071566080456e+03
8.511380382023767122e-02 2.765946599530332605e+04 1.597344395329016379e+03 2.606212159997431081e+04 7.358043369101609642e+03
8.709635899560805306e-02 2.737599550515945157e+04 1.525051109324865365e+03 2.585094439583458734e+04 7.057220248057351455e+03
8.912509381337459236e-02 2.708971975929143809e+04 1.454131756019076192e+03 2.563558800327236168e+04 6.761178687766224357e+03
9.120108393559096804e-02 2.680158517568379830e+04 1.385541858185095862e+03 2.541604331749870107e+04 6.474328001101406699e+03
9.332543007969915094e-02 2.651248191750099795e+04 1.320175407962149393e+03 2.519230650953884833e+04 6.200879443700531738e+03
9.549925860214358853e-02 2.622318890241870031e+04 1.258809590972206252e+03 2.496437931144649338e+04 5.944588322286464972e+03
9.772372209558111145e-02 2.593432478548790823e+04 1.202055486824425998e+03 2.473226929866348291e+04 5.708515606852044584e+03
1.000000000000000056e-01 2.564630666962788382e+04 1.150316501808719750e+03 2.449599016781916362e+04 5.494817108666159584e+03
1.023292992280754737e-01 2.535931590368839534e+04 1.103753895533780906e+03 2.425556200815461489e+04 5.304557221506611313e+03
1.047128548050899610e-01 2.507328654651096804e+04 1.062274981854306361e+03 2.401101156465666281e+04 5.137622618311251244e+03
1.071519305237607078e-01 2.478789212925066386e+04 1.025519638358106931e+03 2.376237249089255783e+04 4.992620911975982381e+03
1.096478196143185063e-01 2.450256085582438391e+04 9.928752663686969981e+02 2.350968558945568657e+04 4.866910741778269767e+03
1.122018454301964147e-01 2.421650180672658826e+04 9.635027688642777548e+02 2.325299903786231152e+04 4.756683153009333182e+03
1.148153621496882937e-01 2.392874823292588189e+04 9.363796352399331226e+02 2.299236859768594877e+04 4.657127208984588833e+03
1.174897554939530325e-01 2.363823162186522313e+04 9.103738171872292924e+02 2.272785780467799486e+04 4.562753246171291721e+03
1.202264434617413141e-01 2.334386883409444636e+04 8.843306964893124587e+02 2.245953813760513367e+04 4.467793949785264886e+03
1.230268770812381063e-01 2.304466926449819948e+04 8.571801009616892770e+02 2.218748916353650930e+04 4.366724840055670029e+03
1.258925411794167559e-01 2.273985115409329228e+04 8.280524967549055191e+02 2.191179865733838596e+04 4.254857644102179620e+03
1.288249551693133599e-01 2.242894929594655696e+04 7.963866027618704493e+02 2.163256269318468549e+04 4.128921909186563425e+03
1.318256738556407293e-01 2.211189905543211717e+04 7.620133494664515865e+02 2.134988570596566569e+04 3.987558478603123149e+03
1.348962882591653312e-01 2.178907073785575631e+04 7.251902172747038549e+02 2.106388052058105313e+04 3.831584954399615981e+03
1.380384264602885214e-01 2.146125071094431405e+04 6.865823637111570861e+02 2.077466834723315696e+04 3.664000781661611654e+03
1.412537544622753938e-01 2.112955836592997730e+04 6.471796249354375732e+02 2.048237874099453984e+04 3.489655657768174478e+03
1.445439770745927943e-01 2.079531105957745240e+04 6.081615354656498766e+02 2.018714952411180275e+04 3.314622033075306717e+03
1.479108388168207111e-01 2.045985947361903891e+04 5.707328038964243433e+02 1.988912666972261286e+04 3.145370227080145014e+03
1.513561248436208762e-01 2.012441968238191112e+04 5.359555364772636494e+02 1.958846414590464701e+04 2.987873004970942930e+03
1.548816618912481069e-01 1.978993044329501572e+04 5.046067240504145275e+02 1.928532371924459949e+04 2.846789684181261691e+03
1.584893192461114264e-01 1.945695222605343952e+04 4.770775086469379289e+02 1.897987471740650290e+04 2.724825760540149531e+03
1.621810097358929725e-01 1.912562357710237848e+04 4.533298266085758428e+02 1.867229375049380178e+04 2.622369363668271035e+03
1.659586907437561321e-01 1.879567385044693947e+04 4.329094591158204821e+02 1.836276439133111853e+04 2.537421062672723565e+03
1.698243652461744191e-01 1.846649168273922623e+04 4.150148675979415884e+02 1.805147681514128635e+04 2.465839739904822636e+03
1.737800828749376247e-01 1.813724808550889065e+04 3.986206860579150089e+02 1.773862739945097564e+04 2.401929155572891887e+03
1.778279410038922925e-01 1.780706313714246062e+04 3.826448517153719990e+02 1.742441828542708754e+04 2.339334649086215904e+03
1.819700858609984429e-01 1.747519958714519089e+04 3.661426849314775609e+02 1.710905690221371333e+04 2.272182933903212870e+03
1.862087136662867459e-01 1.714124544004057680e+04 3.484899838324290613e+02 1.679275545620814592e+04 2.196257602522906836e+03
1.905460717963248229e-01 1.680524173825455728e+04 3.295113506816568929e+02 1.647573038757290124e+04 2.109940035321126288e+03
1.949844599758045471e-01 1.646770805945651227e+04 3.095062628276089072e+02 1.615820179662890405e+04 2.014585044561684754e+03
1.995262314968880846e-01 1.612955115298441160e+04 2.891583098813421771e+02 1.584039284310306903e+04 1.914171077327061766e+03
2.041737944669529681e-01 1.579187351389023024e+04 2.693443923794957300e+02 1.552252912151073360e+04 1.814249552430499989e+03
2.089296130854040867e-01 1.545574001081590723e+04 2.509019945851174782e+02 1.520483801623078944e+04 1.720500356222004484e+03
2.137962089502232488e-01 1.512196641617497517e+04 2.344183760975444955e+02 1.488754804007743041e+04 1.637282721949332881e+03
2.187761623949551759e-01 1.479098785242096346e+04 2.200996920401943839e+02 1.457088816038076948e+04 1.566587625005793370e+03
2.238721138568340041e-01 1.446283175279077659e+04 2.077446360333591144e+02 1.425508711675741688e+04 1.507620409355624361e+03
2.290867652767772378e-01 1.413719608111465459e+04 1.968233462383931283e+02 1.394037273487626226e+04 1.457105708206235704e+03
2.344228815319922832e-01 1.381361229276147242e+04 1.866410521582336060e+02 1.362697124060323949e+04 1.410264623654148636e+03
2.398832919019489862e-01 1.349165489336510109e+04 1.765483144246634595e+02 1.331510657894043834e+04 1.362272236106962055e+03
2.454708915685031023e-01 1.317113749014770110e+04 1.661377479916564823e+02 1.300499974215604379e+04 1.309798182645291945e+03
2.511886431509579576e-01 1.285222501258854754e+04 1.553569011520768584e+02 1.269686811143646992e+04 1.252079460509817636e+03
2.570395782768864490e-01 1.253541318469799262e+04 1.444883684217574569e+02 1.239092481627623602e+04 1.191048669504891677e+03
2.630267991895381408e-01 1.222138107858560761e+04 1.340029629239305677e+02 1.208737811566167693e+04 1.130411382760401011e+03
2.691534803926916575e-01 1.191078103885175551e+04 1.243502339532129781e+02 1.178643080489854219e+04 1.074049803200058705e+03
2.754228703338166273e-01 1.160405793142169932e+04 1.157782797332114058e+02 1.148827965168848823e+04 1.024449417090990664e+03
2.818382931264454827e-01 1.130136919706186563e+04 1.082543322862845372e+02 1.119311486477558174e+04 9.818015995963760361e+02
2.884031503126605611e-01 1.100262701401879349e+04 1.015074158503587824e+02 1.090111959816843409e+04 9.441041318351286691e+02
2.951209226666386964e-01 1.070763682558829532e+04 9.516733198997737020e+01 1.061246949359831706e+04 9.081997135577622657e+02
3.019951720402015982e-01 1.041626884031807822e+04 8.893657681074341781e+01 1.032733226350733457e+04 8.713079056331603169e+02
3.090295432513592289e-01 1.012858066387819781e+04 8.271334740368745031e+01 1.004586731647451052e+04 8.323186135309525753e+02
3.162277660168379412e-01 9.844830413742016390e+03 7.660498715002211156e+01 9.768225426591994619e+03 7.921677000083086568e+02
3.235936569296284371e-01 9.565377285597875016e+03 7.082883769864476164e+01 9.494548447899229359e+03 7.530740790320900260e+02
3.311311214825911065e-01 9.290535623719550131e+03 6.556654913945672547e+01 9.224969074580092638e+03 7.171280876846579986e+02
3.388441561392027679e-01 9.020470413663657382e+03 6.085976643590036161e+01 8.959610647227756999e+03 6.850914318857760463e+02
3.467368504525316641e-01 8.755189690918354245e+03 5.660268582465957365e+01 8.698587005093695552e+03 6.561055053387098042e+02
3.548133892335756934e-01 8.494625588218485063e+03 5.262320435709082034e+01 8.442002383861394264e+03 6.284115977373716078e+02
3.630780547701014105e-01 8.238744371574648540e+03 4.879301344408850127e+01 8.189951358130560948e+03 6.005702755740959446e+02
3.715352290971727922e-01 7.987611722140134589e+03 4.509289467660133255e+01 7.942518827463532944e+03 5.723472903575317332e+02
3.801893963205612570e-01 7.741372934118456214e+03 4.159288957897756944e+01 7.699780044539478695e+03 5.446516399335481537e+02
3.890451449942805007e-01 7.500174051559911277e+03 3.837336787705410757e+01 7.461800683682857198e+03 5.186536542057409633e+02
3.981071705534973137e-01 7.264090906676624400e+03 3.545395889059484062e+01 7.228636947786029850e+03 4.948302549806311958e+02
4.073802778041126227e-01 7.033118739325725073e+03 3.278302789550391338e+01 7.000335711430220726e+03 4.726908620959774794e+02
4.168693834703355305e-01 6.807220275350557131e+03 3.028557752297987449e+01 6.776934697827577111e+03 4.513252742017327250e+02
4.265795188015925610e-01 6.586382907973406873e+03 2.792022091424378161e+01 6.558462687059162818e+03 4.302130559070562867e+02
4.365158322401661017e-01 6.370635787751267344e+03 2.569603478277149833e+01 6.344939752968495668e+03 4.095654079427365559e+02
4.466835921509630380e-01 6.160018996522439011e+03 2.364147053329068626e+01 6.136377525989148126e+03 3.899434840369651738e+02
4.570881896148751844e-01 5.954543085943219921e+03 2.176360680934010361e+01 5.932779479133880159e+03 3.716222765468198759e+02
4.677351412871981196e-01 5.754179304232065078e+03 2.003806987868113865e+01 5.734141234353383879e+03 3.543562687217391272e+02
4.786300923226385340e-01 5.558883525401261068e+03 1.843263892097117918e+01 5.540450886480290137e+03 3.377153236582090585e+02
4.897788193684461389e-01 5.368622479134503010e+03 1.693313712544226135e+01 5.351689342009060965e+03 3.215446554538246460e+02
5.011872336272724660e-01 5.183374527702275373e+03 1.554385768243141008e+01 5.167830670019843637e+03 3.060277649490929548e+02
5.128613839913648276e-01 5.003110933394527819e+03 1.426847075982691493e+01 4.988842462634700496e+03 2.913607517882469438e+02
5.248074602497728725e-01 4.827783710780164256e+03 1.309750828796320121e+01 4.814686202492201119e+03 2.774874037441953760e+02
5.370317963702526676e-01 4.657332942182087208e+03 1.201530734069428696e+01 4.645317634841392646e+03 2.642017859519434637e+02
5.495408738576248453e-01 4.491699916867993124e+03 1.101277488430131690e+01 4.480687141983691617e+03 2.514115043288759637e+02
5.623413251903490728e-01 4.330828707601564020e+03 1.008858967090536751e+01 4.320740117930658926e+03 2.391903088811735074e+02
5.754399373371572590e-01 4.174657910791080212e+03 9.240569498680224925e+00 4.165417341292400124e+03 2.275987180476242884e+02
5.888436553555890240e-01 4.023116740360388576e+03 8.461395794857493158e+00 4.014655344565530868e+03 2.165709945181648663e+02
6.025595860743581111e-01 3.876130028144057178e+03 7.743249997698689491e+00 3.868386778146358665e+03 2.060127517471253782e+02
6.165950018614821948e-01 3.733622873930205515e+03 7.082106375620271344e+00 3.726540767554585273e+03 1.959148127656610541e+02
6.309573444801935826e-01 3.595518832662578006e+03 6.475570151053046786e+00 3.589043262511524972e+03 1.863092825250432725e+02
6.456542290346556356e-01 3.461736750812909577e+03 5.919374138394879026e+00 3.455817376674514890e+03 1.771731119808389963e+02
6.606934480075964400e-01 3.332192142085726118e+03 5.408425102938731577e+00 3.326783716982787610e+03 1.684490542044017047e+02
6.760829753919819218e-01 3.206799998963721009e+03 4.939297243727923004e+00 3.201860701719992903e+03 1.601198651569587810e+02
6.918309709189363055e-01 3.085474436696477369e+03 4.509570154661189711e+00 3.080964866541816264e+03 1.521950394017862607e+02
7.079457843841380216e-01 2.968127171454807922e+03 4.116013600008800566e+00 2.964011157854798967e+03 1.446528379129235873e+02
7.244359600749898931e-01 2.854668443655960800e+03 3.755230594109739251e+00 2.850913213061850911e+03 1.374572562010618810e+02
7.413102413009177161e-01 2.745008466049814615e+03 3.424838737757204488e+00 2.741583627312057615e+03 1.306005019637342173e+02
7.585775750291835484e-01 2.639056927183729385e+03 3.122720677754217800e+00 2.635934206505974998e+03 1.240797790829060716e+02
7.762471166286919466e-01 2.536722512954554077e+03 2.846306542142944984e+00 2.533876206412411193e+03 1.178688399118673402e+02
7.943282347242813790e-01 2.437913974126389803e+03 2.593416277236956002e+00 2.435320557849152920e+03 1.119495225861577410e+02
8.128305161640995147e-01 2.342540469673650477e+03 2.362391706231720789e+00 2.340178077967418631e+03 1.063199555698369068e+02
8.317637711026708569e-01 2.250511008948441940e+03 2.151341189553384492e+00 2.248359667758888463e+03 1.009630079806372720e+02
8.511380382023767677e-01 2.161734979446355283e+03 1.958483472049536100e+00 2.159776495974305817e+03 9.585999451747291289e+01
8.709635899560804750e-01 2.076122648328402192e+03 1.782478623356202219e+00 2.074340169705045810e+03 9.100765637223084070e+01
8.912509381337458958e-01 1.993584760045260737e+03 1.621868112184421840e+00 1.991962891933076207e+03 8.639212591240574568e+01
9.120108393559096527e-01 1.914032882499875541e+03 1.475276098238206268e+00 1.912557606401637258e+03 8.199799926619853352e+01
9.332543007969914539e-01 1.837379767649950963e+03 1.341637451656910285e+00 1.836038130198294084e+03 7.782160936174861376e+01
9.549925860214358853e-01 1.763539061986011120e+03 1.219787510895067095e+00 1.762319274475116117e+03 7.384916795507825782e+01
9.772372209558111145e-01 1.692425662126179759e+03 1.108708369133704741e+00 1.691316953757046122e+03 7.007031408632748537e+01
1.000000000000000000e+00 1.623955823750832224e+03 1.007539440246226103e+00 1.622948284310585905e+03 6.647995713213856561e+01
1.023292992280753655e+00 1.558047032864341418e+03 9.153608042322421978e-01 1.557131672060109167e+03 6.306484311636893381e+01
1.047128548050900720e+00 1.494618329224565969e+03 8.314386746173785259e-01 1.493786890549948566e+03 5.981964151659543916e+01
1.071519305237607078e+00 1.433590196182709633e+03 7.550467262332423157e-01 1.432835149456476302e+03 5.673566559154269129e+01
1.096478196143185091e+00 1.374884666952064890e+03 6.855127955175867038e-01 1.374199154156547365e+03 5.380402790688492587e+01
1.122018454301962898e+00 1.318425424228154270e+03 6.222673705168275671e-01 1.317803156857637532e+03 5.101987271540571811e+01
1.148153621496884158e+00 1.264137725598074439e+03 5.647258077725827441e-01 1.263572999790301765e+03 4.837349281151408320e+01
1.174897554939530409e+00 1.211948565946099961e+03 5.124149894300822350e-01 1.211436150956669962e+03 4.586080307229212849e+01
1.202264434617413169e+00 1.161786582029227930e+03 4.648491102329921354e-01 1.161321732918994940e+03 4.347330566157729947e+01
1.230268770812381174e+00 1.113582170661531336e+03 4.216255605601996193e-01 1.113160545100971149e+03 4.120667402206344576e+01
1.258925411794166171e+00 1.067267424239726552e+03 3.823441785787076719e-01 1.066885080061147846e+03 3.905373814461126614e+01
1.288249551693134931e+00 1.022776198187501336e+03 3.466640042696066959e-01 1.022429534183231681e+03 3.701010784975795076e+01
1.318256738556407459e+00 9.800440668477996269e+02 3.142536354497687534e-01 9.797298132123498817e+02 3.506952382689578940e+01
1.348962882591653312e+00 9.390083606027408223e+02 2.848275531120366133e-01 9.387235330496288270e+02 3.322787452595485291e+01
1.380384264602883881e+00 8.996081257113818310e+02 2.581095110827724137e-01 8.993500162002990237e+02 3.147945764798112833e+01
1.412537544622755492e+00 8.617841467219062679e+02 2.338624692644497571e-01 8.615502842526418590e+02 2.982062714440650097e+01
1.445439770745927888e+00 8.254789026315955880e+02 2.118558843936159120e-01 8.252670467472020164e+02 2.824612283294204218e+01
1.479108388168207222e+00 7.906365785717067638e+02 1.918917943064585296e-01 7.904446867774003067e+02 2.675251535054179541e+01
1.513561248436207096e+00 7.572030246352479708e+02 1.737809905216126938e-01 7.570292436447263071e+02 2.533535826629275434e+01
1.548816618912482790e+00 7.251257485869217589e+02 1.573557133830015553e-01 7.249683928735387326e+02 2.399105729086685557e+01
1.584893192461114042e+00 6.943538862946286372e+02 1.424624217537643067e-01 6.942114238728748887e+02 2.271609752323133691e+01
1.621810097358929781e+00 6.648381746018790182e+02 1.289590866982539830e-01 6.647092155151807447e+02 2.150677433920081683e+01
1.659586907437559766e+00 6.365309296179940475e+02 1.167197330359937280e-01 6.364142098849580407e+02 2.036010156001693261e+01
1.698243652461745912e+00 6.093860116825921978e+02 1.056272488607372106e-01 6.092803844337314558e+02 1.927282531392708620e+01
1.737800828749376247e+00 5.833587982237434062e+02 9.557546195308570802e-02 5.832632227617903027e+02 1.824190127599107214e+01
1.778279410038922759e+00 5.584061532898887208e+02 8.646905820661938968e-02 5.583196842316821176e+02 1.726467216028608931e+01
1.819700858609982541e+00 5.344863926971615911e+02 7.822009350531666794e-02 5.344081726036562259e+02 1.633836659215068110e+01
1.862087136662869513e+00 5.115592525980947016e+02 7.074872910763507772e-02 5.114885038689870385e+02 1.546036067885957976e+01
1.905460717963248340e+00 4.895858564243323485e+02 6.398298077688691077e-02 4.895218734435554779e+02 1.462828176417703041e+01
1.949844599758045582e+00 4.685286801660366223e+02 5.785729494720560223e-02 4.684708228710894105e+02 1.383984714029771723e+01
1.995262314968878847e+00 4.483515178434068389e+02 5.231167017527098978e-02 4.482992061732315960e+02 1.309277821219380655e+01
2.041737944669531846e+00 4.290194478867522889e+02 4.729191487948863210e-02 4.289721559718727804e+02 1.238497778748908473e+01
2.089296130854040978e+00 4.104987983193184959e+02 4.274882107843742951e-02 4.104560494982400769e+02 1.171445203283052372e+01
2.137962089502232654e+00 3.927571123874795376e+02 3.863779470563984825e-02 3.927184745927738732e+02 1.107932844886959067e+01
2.187761623949551648e+00 3.757631139990115230e+02 3.491820889165571373e-02 3.757281957901198552e+02 1.047778545845511644e+01
2.238721138568342539e+00 3.594866737954467908e+02 3.155322113130929612e-02 3.594551205743154583e+02 9.908097458529672608e+00
2.290867652767774931e+00 3.438987752778941740e+02 2.850939719488826754e-02 3.438702658806992645e+02 9.368620929767908834e+00
2.344228815319922887e+00 3.289714813682963950e+02 2.575645531731182367e-02 3.289457249129790739e+02 8.857808762624340915e+00
2.398832919019489918e+00 3.146779012374750550e+02 2.326690102276060892e-02 3.146546343364523182e+02 8.374180665462139572e+00
2.454708915685028359e+00 3.009921577008439613e+02 2.101579951256768095e-02 3.009711419013314071e+02 7.916328342029307130e+00
2.511886431509582351e+00 2.878893551278345058e+02 1.898058417003028672e-02 2.878703745436644681e+02 7.482928798935715164e+00
2.570395782768864823e+00 2.753455477601507368e+02 1.714075482306702189e-02 2.753284070053276764e+02 7.072708375240385870e+00
2.630267991895381297e+00 2.633377087544765800e+02 1.547774550992918156e-02 2.633222310089666394e+02 6.684462186063068856e+00
2.691534803926913799e+00 2.518436997576832539e+02 1.397473901448605116e-02 2.518297250186687677e+02 6.317048637187981264e+00
2.754228703338168938e+00 2.408422410960733657e+02 1.261648370166804090e-02 2.408296246123717026e+02 5.969376724167383408e+00
2.818382931264455049e+00 2.303128826659452386e+02 1.138917826075209333e-02 2.303014934876844961e+02 5.640417025424180331e+00
2.884031503126605500e+00 2.202359754339154563e+02 1.028031513590682740e-02 2.202256951187795551e+02 5.329188596901066610e+00
2.951209226666383856e+00 2.105926436505202730e+02 9.278572125752022198e-03 2.105833650783945075e+02 5.034762379495922424e+00
3.019951720402019202e+00 2.013647577317355797e+02 8.373696123720656900e-03 2.013563840356118533e+02 4.756255769952852042e+00
3.090295432513591845e+00 1.925349078463694923e+02 7.556409298199965631e-03 1.925273514370713031e+02 4.492833736097402664e+00
3.162277660168379523e+00 1.840863781717806091e+02 6.818295287585228459e-03 1.840795598764930219e+02 4.243692880734046824e+00
3.235936569296280929e+00 1.760031219090388959e+02 6.151754118460838958e-03 1.759969701549204331e+02 4.008081000910969749e+00
3.311311214825914284e+00 1.682697369353155068e+02 5.549903504893044168e-03 1.682641870318106214e+02 3.785281447443910707e+00
3.388441561392027346e+00 1.608714421918378719e+02 5.006526740014095866e-03 1.608664356650978675e+02 3.574621715883558259e+00
3.467368504525316641e+00 1.537940547113653622e+02 4.515974846236745464e-03 1.537895387365191198e+02 3.375446298249408894e+00
3.548133892335753270e+00 1.470239674177047959e+02 4.073160807076432743e-03 1.470198942568977145e+02 3.187149834493685052e+00
3.630780547701017547e+00 1.405481275212177650e+02 3.673476600023645091e-03 1.405444540446177371e+02 3.009153266393165715e+00
3.715352290971727811e+00 1.343540156200434978e+02 3.312750773943681001e-03 1.343507028692695542e+02 2.840903968292870285e+00
3.801893963205612792e+00 1.284296254688551642e+02 2.987217540389896370e-03 1.284266382513147846e+02 2.681883103243984490e+00
3.890451449942804896e+00 1.227634443752742470e+02 2.693467609296350089e-03 1.227607509076649563e+02 2.531594840495627885e+00
3.981071705534977578e+00 1.173444342526162814e+02 2.428420412396525060e-03 1.173420058322038813e+02 2.389570391437493946e+00
4.073802778041129891e+00 1.121620132916338122e+02 2.189292053401222481e-03 1.121598239995804107e+02 2.255366056703516531e+00
4.168693834703354639e+00 1.072060382450539038e+02 1.973565087867699269e-03 1.072040646799660379e+02 2.128559930873593409e+00
4.265795188015925277e+00 1.024667873195895424e+02 1.778967607073579345e-03 1.024650083519824619e+02 2.008755579952124837e+00
4.365158322401656577e+00 9.793494364264573449e+01 1.603442081451631092e-03 9.793334020056428812e+01 1.895572243459463957e+00
4.466835921509634488e+00 9.360157931931821906e+01 1.445133119517616428e-03 9.360013418619870151e+01 1.788653243586582064e+00
4.570881896148751622e+00 8.945814003553036287e+01 1.302363811857031864e-03 8.945683767171850320e+01 1.687659939814500021e+00
4.677351412871980862e+00 8.549643021052959568e+01 1.173617896106538645e-03 8.549525659263349553e+01 1.592269633895529113e+00
4.786300923226380455e+00 8.170859868399412562e+01 1.057527132174592831e-03 8.170754115686195007e+01 1.502178324258184539e+00
4.897788193684466052e+00 7.808712491533697175e+01 9.528556923290406244e-04 7.808617205964463892e+01 1.417097974297812257e+00
5.011872336272724660e+00 7.462480568622795829e+01 8.584868202643858130e-04 7.462394719940769505e+01 1.336754692188052207e+00
5.128613839913648498e+00 7.131474229369449347e+01 7.734133368208753658e-04 7.131396888035767745e+01 1.260890974883731808e+00
5.248074602497722729e+00 6.815032821285984710e+01 6.967251944520158309e-04 6.814963148766538836e+01 1.189261974246615061e+00
5.370317963702532893e+00 6.512523722197634868e+01 6.276007908666978363e-04 6.512460962118548480e+01 1.121635836089642568e+00
5.495408738576248453e+00 6.223341197242145739e+01 5.652986231485868703e-04 6.223284667379830637e+01 1.057793362067306120e+00
5.623413251903491172e+00 5.946905298974181875e+01 5.091491299513601927e-04 5.946854384061186494e+01 9.975265732756792847e-01
5.754399373371566817e+00 5.682660809382672085e+01 4.585483686246657597e-04 5.682614954545809383e+01 9.406393218180523208e-01
5.888436553555895792e+00 5.430076222254152896e+01 4.129512307246343823e-04 5.430034927131080735e+01 8.869458678609254410e-01
6.025595860743581333e+00 5.188642764704728449e+01 3.718655594494708308e-04 5.188605578148783337e+01 8.362698911090804543e-01
6.165950018614822170e+00 4.957873456627503828e+01 3.348475450558885402e-04 4.957839971872998319e+01 7.884451311955188446e-01
6.309573444801929831e+00 4.737302206614932487e+01 3.014966353976691600e-04 4.737272056951393040e+01 7.433139848601608701e-01
6.456542290346562574e+00 4.526482943258430680e+01 2.714513728218716010e-04 4.526455798121148177e+01 7.007270856615017696e-01
6.606934480075964622e+00 4.324988780621076501e+01 2.443862233888050408e-04 4.324964341998737893e+01 6.605445183946369037e-01
6.760829753919819218e+00 4.132411216461196091e+01 2.200070076540873345e-04 4.132389215760430545e+01 6.226325376225074759e-01
6.918309709189363055e+00 3.948359362395550676e+01 1.980483585299994294e-04 3.948339557559697965e+01 5.868644770868943761e-01
7.079457843841387543e+00 3.772459204705788238e+01 1.782714966497340081e-04 3.772441377556123143e+01 5.531221544400592993e-01
7.244359600749906036e+00 3.604352894501168691e+01 1.604604087962719988e-04 3.604336848460289389e+01 5.212917341370938429e-01
7.413102413009177383e+00 3.443698066627889176e+01 1.444209959160717819e-04 3.443683624528297571e+01 4.912677538155215129e-01
7.585775750291835706e+00 3.290167185748346412e+01 1.299777880802798868e-04 3.290154187969538668e+01 4.629490194017762961e-01
7.762471166286911917e+00 3.143446919022787256e+01 1.169726226216771201e-04 3.143435221760525167e+01 4.362399466589479413e-01
7.943282347242821118e+00 3.003237534196784253e+01 1.052630959899496840e-04 3.003227007887185351e+01 4.110508470383483215e-01
8.128305161640994925e+00 2.869252322142043354e+01 9.472074802349163269e-05 2.869242850067240980e+01 3.872966237686504276e-01
8.317637711026709013e+00 2.741217043013296006e+01 8.522980297259844006e-05 2.741208520032998663e+01 3.648969188443741962e-01
8.511380382023759239e+00 2.618869395068056249e+01 7.668584192724331059e-05 2.618861726483863350e+01 3.437754945064819267e-01
8.709635899560813854e+00 2.501958505331035809e+01 6.899485434638816055e-05 2.501951605845601279e+01 3.238607333954274248e-01
8.912509381337459402e+00 2.390244441203043735e+01 6.207201459083655287e-05 2.390238234001584772e+01 3.050844810487065017e-01
9.120108393559096527e+00 2.283497742290821364e+01 5.584102683029300865e-05 2.283492158188138177e+01 2.873830389615852909e-01
9.332543007969904991e+00 2.181498971575030055e+01 5.023301749764632875e-05 2.181493948273280381e+01 2.706956081034807560e-01
9.549925860214369067e+00 2.084038285261809165e+01 4.518597703251094169e-05 2.084033766664105869e+01 2.549649813504497042e-01
9.772372209558112033e+00 1.990915020516994005e+01 4.064403065137855628e-05 1.990910956113928876e+01 2.401370784367692079e-01
1.000000000000000000e+01 1.901937300410742893e+01 3.655685504249804769e-05 1.901933644725238537e+01 2.261608986077267569e-01
1.023292992280753566e+01 1.816921655379599443e+01 3.287910237065125730e-05 1.816918367469362394e+01 2.129881825293143127e-01
1.047128548050900676e+01 1.735692660563515943e+01 2.956996189911171070e-05 1.735689703567325992e+01 2.005736011476770553e-01
1.071519305237607078e+01 1.658082588359966181e+01 2.659260008465781937e-05 1.658079929099957539e+01 1.888738468198583875e-01
1.096478196143185180e+01 1.583931075629682184e+01 2.391391881674780000e-05 1.583928684237800510e+01 1.778485501753473974e-01
1.122018454301962898e+01 1.513084804909366454e+01 2.150405652553481176e-05 1.513082654503713975e+01 1.674592113880257194e-01
1.148153621496884114e+01 1.445397199119785370e+01 1.933617489388220591e-05 1.445395265502295956e+01 1.576698941442734037e-01
1.174897554939530231e+01 1.380728129175127350e+01 1.738603862812228615e-05 1.380726390571264517e+01 1.484461306914109102e-01
1.202264434617413080e+01 1.318943634019186106e+01 1.563189175319409108e-05 1.318942070830010849e+01 1.397559351696393837e-01
1.230268770812381085e+01 1.259915652529348229e+01 1.405408919936999684e-05 1.259914247120428321e+01 1.315686247927621566e-01
1.258925411794168703e+01 1.203521766853491037e+01 1.263499658626560184e-05 1.203520503353832360e+01 1.238557221078843557e-01
1.288249551693134975e+01 1.149644956665298601e+01 1.135868792556972147e-05 1.149643820796505977e+01 1.165898711106392593e-01
1.318256738556407370e+01 1.098173363930597901e+01 1.021086612429616367e-05 1.098172342843985483e+01 1.097456506022947420e-01
1.348962882591653312e+01 1.049000067716141338e+01 9.178644027494376950e-06 1.048999149851738544e+01 1.032989006198017784e-01
1.380384264602883881e+01 1.002022868647501141e+01 8.250411634554832293e-06 1.002022043606337753e+01 9.722670479964350132e-02
1.412537544622755448e+01 9.571440826109517630e+00 7.415734127416536731e-06 9.571433410375389528e+00 9.150760796878690262e-02
1.445439770745928065e+01 9.142703433101770472e+00 6.665229704540259967e-06 9.142696767872065422e+00 8.612150008515444266e-02
1.479108388168207178e+01 8.733124133087434515e+00 5.990426903057213829e-06 8.733118142660531547e+00 8.104905339413517873e-02
1.513561248436207229e+01 8.341850032161367778e+00 5.383723203774972686e-06 8.341844648438163645e+00 7.627230812221215406e-02
1.548816618912482745e+01 7.968065986592345773e+00 4.838268442758585336e-06 7.968061148323902998e+00 7.177420471202489161e-02
1.584893192461114175e+01 7.610992947250615259e+00 4.347899942447543745e-06 7.610988599350672956e+00 6.753866781718455281e-02
1.621810097358929781e+01 7.269886375554422742e+00 3.907074301347743543e-06 7.269882468480121318e+00 6.355056065453155989e-02
1.659586907437559589e+01 6.944034727932812068e+00 3.510805141216131712e-06 6.944031217127671241e+00 5.979562976934352236e-02
1.698243652461745867e+01 6.632758005907096965e+00 3.154600989394414465e-06 6.632754851306107646e+00 5.626034373233682051e-02
1.737800828749376336e+01 6.335406369041272967e+00 2.834427843222561097e-06 6.335403534613429422e+00 5.293205971459957748e-02
1.778279410038922848e+01 6.051358808053777238e+00 2.546651294894926982e-06 6.051356261402482062e+00 4.979875875177229572e-02
1.819700858609982674e+01 5.780021875583766011e+00 2.288004778053185749e-06 5.780019587578988371e+00 4.684915971193315265e-02
1.862087136662869469e+01 5.520828472127024433e+00 2.055549145101795495e-06 5.520826416577879314e+00 4.407261031543870805e-02
1.905460717963248385e+01 5.273236684809162966e+00 1.846640240868846687e-06 5.273234838168922245e+00 4.145905635917300491e-02
1.949844599758045405e+01 5.036728676739773647e+00 1.658901661789629844e-06 5.036727017838112275e+00 3.899906001176739467e-02
1.995262314968878670e+01 4.810809624779631477e+00 1.490194328928100044e-06 4.810808134585302653e+00 3.668368418703338296e-02
2.041737944669531757e+01 4.595006703660588165e+00 1.338594137386592398e-06 4.595005365066450409e+00 3.450449345930925449e-02
2.089296130854040712e+01 4.388868114468489345e+00 1.202372895334305646e-06 4.388866912095593875e+00 3.245359122748744246e-02
2.137962089502232388e+01 4.191962155578521809e+00 1.079975249385365194e-06 4.191961075603272135e+00 3.052350311248348477e-02
2.187761623949552003e+01 4.003876334230223932e+00 9.700022330766829292e-07 4.003875364227990730e+00 2.870717327180426909e-02
2.238721138568342184e+01 3.824216516990001757e+00 8.711971693356479425e-07 3.824215645792832241e+00 2.699798835197214295e-02
2.290867652767774842e+01 3.652606117420941434e+00 7.824282705025314889e-07 3.652605334992670816e+00 2.538965858042524504e-02
2.344228815319922532e+01 3.488685319367311077e+00 7.026799056411619227e-07 3.488684616687405260e+00 2.387631810321620696e-02
2.398832919019490006e+01 3.332110334302214039e+00 6.310379535350778106e-07 3.332109703264260592e+00 2.245240721437621184e-02
2.454708915685028714e+01 3.182552691277066526e+00 5.666804870112152017e-07 3.182552124596579546e+00 2.111268187016737338e-02
2.511886431509581996e+01 3.039698558058310685e+00 5.088695445585531827e-07 3.039698049188765960e+00 1.985223570700811457e-02
2.570395782768864734e+01 2.903248092097354682e+00 4.569407400450997912e-07 2.903247635156614770e+00 1.866640827887388124e-02
2.630267991895381385e+01 2.772914820046152862e+00 4.102969135110851617e-07 2.772914409749239528e+00 1.755080900545142111e-02
2.691534803926914066e+01 2.648425044576431020e+00 3.684024522951757793e-07 2.648424676173978920e+00 1.650135100179802791e-02
2.754228703338169026e+01 2.529517277312611334e+00 3.307747021467995976e-07 2.529516946537909039e+00 1.551413128222250450e-02
2.818382931264455138e+01 2.415941696750676382e+00 2.969803333140011421e-07 2.415941399770343168e+00 1.458549364595606614e-02
2.884031503126605855e+01 2.307459630068907863e+00 2.666301302121340492e-07 2.307459363438777444e+00 1.371200654115681608e-02
2.951209226666383856e+01 2.203843057791314397e+00 2.393737857339096036e-07 2.203842818417528715e+00 1.289041189006910615e-02
3.019951720402019291e+01 2.104874140309244801e+00 2.148968182051320801e-07 2.104873925412426683e+00 1.211765775246872318e-02
3.090295432513591933e+01 2.010344765304301617e+00 1.929164617389206362e-07 2.010344572387839701e+00 1.139086076628733485e-02
3.162277660168379256e+01 1.920056115161905996e+00 1.731789653696723864e-07 1.920055941982940606e+00 1.070732584856589828e-02
3.235936569296281107e+01 1.833818253499575057e+00 1.554559520534695607e-07 1.833818098043622946e+00 1.006449338867520561e-02
3.311311214825914817e+01 1.751449729976018110e+00 1.395423051496262403e-07 1.751449590433713066e+00 9.459957853470628980e-03
3.388441561392027523e+01 1.672777202579201816e+00 1.252538646177128065e-07 1.672777077325337203e+00 8.891463378985938609e-03
3.467368504525316553e+01 1.597635076627609951e+00 1.124250539107085527e-07 1.597634964202556018e+00 8.356878132780453175e-03
3.548133892335753359e+01 1.525865159752829880e+00 1.009071114061183479e-07 1.525865058845718547e+00 7.854194376829541635e-03
3.630780547701017724e+01 1.457316332161713301e+00 9.056641860331777138e-08 1.457316241595294715e+00 7.381523738895008624e-03
3.715352290971728166e+01 1.391844231507573859e+00 8.128304114259324914e-08 1.391844150224532672e+00 6.937097098276316480e-03
3.801893963205612437e+01 1.329310951728105650e+00 7.294902258646568161e-08 1.329310878779083049e+00 6.519230763927277329e-03
3.890451449942804629e+01 1.269584755237354257e+00 6.546757123787416167e-08 1.269584689769783115e+00 6.126355533001253371e-03
3.981071705534977667e+01 1.212539797882897563e+00 5.875168930942261039e-08 1.212539739131208272e+00 5.756989763523971161e-03
4.073802778041130068e+01 1.158055866107443377e+00 5.272320857669336436e-08 1.158055813384234911e+00 5.409736370433144287e-03
4.168693834703355350e+01 1.106018125777101790e+00 4.731194054519058711e-08 1.106018078465161203e+00 5.083282410710179139e-03
4.265795188015925277e+01 1.056316882162288140e+00 4.245482283112381049e-08 1.056316839707465371e+00 4.776389701251137695e-03
4.365158322401656221e+01 1.008847350579753721e+00 3.809528422296829686e-08 1.008847312484469461e+00 4.487900461640915994e-03
4.466835921509634488e+01 9.635094372252018813e-01 3.418243436635208680e-08 9.635094030427675538e-01 4.216715462692303962e-03
4.570881896148751622e+01 9.202075297473293336e-01 3.067063901379332064e-08 9.202074990766903051e-01 3.961808445523266539e-03
4.677351412871981040e+01 8.788502971325587998e-01 2.751886040895596882e-08 8.788502696136983872e-01 3.722206515185384409e-03
4.786300923226380633e+01 8.393504984897764976e-01 2.469028248027180240e-08 8.393504737994940124e-01 3.496998753113864968e-03
4.897788193684466052e+01 8.016248003413135592e-01 2.215183043045506727e-08 8.016247781894830782e-01 3.285325942787151263e-03
5.011872336272725192e+01 7.655936020443494527e-01 1.987382198951409871e-08 7.655935821705274202e-01 3.086382105275176525e-03
5.128613839913648320e+01 7.311808689829291108e-01 1.782959804716701883e-08 7.311808511533310906e-01 2.899407953162823088e-03
5.248074602497722907e+01 6.983139731868398536e-01 1.599521625089344000e-08 6.983139571916235910e-01 2.723688201310605923e-03
5.370317963702532893e+01 6.669235410485001569e-01 1.434917260397090244e-08 6.669235266993275291e-01 2.558548511419660859e-03
5.495408738576248453e+01 6.369433078235505752e-01 1.287219016372935318e-08 6.369432949513603726e-01 2.403359770747089726e-03
5.623413251903490817e+01 6.083099786143969512e-01 1.154692539736883953e-08 6.083099670674715354e-01 2.257523421986172563e-03
5.754399373371566639e+01 5.809630955496478677e-01 1.035783396000077906e-08 5.809630851918139438e-01 2.120481237107980834e-03
5.888436553555895614e+01 5.548449108844277777e-01 9.290952768099271911e-09 5.548449015934749928e-01 1.991706516940138904e-03
6.025595860743580801e+01 5.299002657591164178e-01 8.333752347300372011e-09 5.299002574253640629e-01 1.870704984360893521e-03
6.165950018614822170e+01 5.060764743653088926e-01 7.474974189334067637e-09 5.060764668903346974e-01 1.757009251311875521e-03
6.309573444801930009e+01 4.833232132790840074e-01 6.704522649611173353e-09 4.833232065745613482e-01 1.650182082482941955e-03
6.456542290346563107e+01 4.615924157320231425e-01 6.013327946170708930e-09 4.615924097186951958e-01 1.549810375970528138e-03
6.606934480075963734e+01 4.408381706007489242e-01 5.393261916437086930e-09 4.408381652074870316e-01 1.455508919170212922e-03
6.760829753919819041e+01 4.210166259051977278e-01 4.837010919144915682e-09 4.210166210681868248e-01 1.366910645915402804e-03
6.918309709189362877e+01 4.020858966153856295e-01 4.338021223736003768e-09 4.020858922773644095e-01 1.283673107536012362e-03
7.079457843841387898e+01 3.840059765749662124e-01 3.890413632810887365e-09 3.840059726845525545e-01 1.205475183634231425e-03
7.244359600749905326e+01 3.667386543585584024e-01 3.488908118621531221e-09 3.667386508696502956e-01 1.132013916289925301e-03
7.413102413009177383e+01 3.502474328878177334e-01 3.128763346823605449e-09 3.502474297590543739e-01 1.063003509230813414e-03
7.585775750291836061e+01 3.344974526390162572e-01 2.805726774982905686e-09 3.344974498332894952e-01 9.981759927148181350e-04
7.762471166286911739e+01 3.194554182822288979e-01 2.515983077381170893e-09 3.194554157662458094e-01 9.372797430731567804e-04
7.943282347242821118e+01 3.050895285993558970e-01 2.256109102777964596e-09 3.050895263432468196e-01 8.800784663244901572e-04
8.128305161640994925e+01 2.913694095349533830e-01 2.023027613938561029e-09 2.913694075119257487e-01 8.263478462894264034e-04
8.317637711026708303e+01 2.782660502403181968e-01 1.813984229014040621e-09 2.782660484263339562e-01 7.758797132498383578e-04
8.511380382023759239e+01 2.657517419774398371e-01 1.626503708699765654e-09 2.657517403509361276e-01 7.284768541674695392e-04
8.709635899560814210e+01 2.538000197553730297e-01 1.458367499933935183e-09 2.538000182970055474e-01 6.839549476778204046e-04
8.912509381337459047e+01 2.423856065772101165e-01 1.307580992017570248e-09 2.423856052696291286e-01 6.421388464831333676e-04
9.120108393559097237e+01 2.314843601812542895e-01 1.172358685030032351e-09 2.314843590088956071e-01 6.028658513173639974e-04
9.332543007969904636e+01 2.210732221651439122e-01 1.051096375543151918e-09 2.210732211140475356e-01 5.659819221809187732e-04
9.549925860214368356e+01 2.111301693866345364e-01 9.423553876868669440e-10 2.111301684442791482e-01 5.313425408008349638e-04
9.772372209558110967e+01 2.016341675394554278e-01 8.448458180810127624e-10 2.016341666946096234e-01 4.988123353720897530e-04
1.000000000000000000e+02 1.925651268071546518e-01 7.574090138905458953e-10 1.925651260497456274e-01 4.682632313967684040e-04
1.023292992280753566e+02 1.839038595022030875e-01 6.790062238005873378e-10 1.839038588231968752e-01 4.395752300244703831e-04
1.047128548050900605e+02 1.756320396017013730e-01 6.087062403239188209e-10 1.756320389929951209e-01 4.126359720855092106e-04
1.071519305237606972e+02 1.677321640950072967e-01 5.456727773702522282e-10 1.677321635493345120e-01 3.873392431865804101e-04
1.096478196143185073e+02 1.601875160623514038e-01 4.891563237047049141e-10 1.601875155731950773e-01 3.635856794709090446e-04
1.122018454301963004e+02 1.529821294071225246e-01 4.384837596792815198e-10 1.529821289686387753e-01 3.412813063356994023e-04
1.148153621496884114e+02 1.461007551679319449e-01 3.930519637421713432e-10 1.461007547748799928e-01 3.203382904971700828e-04
1.174897554939530266e+02 1.395288293398650459e-01 3.523201639277577634e-10 1.395288289875448728e-01 3.006742821803661111e-04
1.202264434617413116e+02 1.332524421374592927e-01 3.158027077820158044e-10 1.332524418216565754e-01 2.822113899028533702e-04
1.230268770812381121e+02 1.272583086349713399e-01 2.830642677240255717e-10 1.272583083519070735e-01 2.648766331405670365e-04
1.258925411794168809e+02 1.215337407223486821e-01 2.537144932821885537e-10 1.215337404686341882e-01 2.486015242606077862e-04
1.288249551693134833e+02 1.160666203180735628e-01 2.274032718399366609e-10 1.160666200906702861e-01 2.333217023167776080e-04
1.318256738556407299e+02 1.108453737826650132e-01 2.038162867688267316e-10 1.108453735788487299e-01 2.189763605192687746e-04
1.348962882591653170e+02 1.058589474791400836e-01 1.826721984561696253e-10 1.058589472964678868e-01 2.055089442052791197e-04
1.380384264602886617e+02 1.010967844291164042e-01 1.637182444768825466e-10 1.010967842653981569e-01 1.928658250429395840e-04
1.412537544622755377e+02 9.654880201553932284e-02 1.467280789214831919e-10 9.654880186881124871e-02 1.809969942473654543e-04
1.445439770745927888e+02 9.220537068519103763e-02 1.314984189405051993e-10 9.220537055369261437e-02 1.698551020375763110e-04
1.479108388168207284e+02 8.805729360624504898e-02 1.178472172070336928e-10 8.805729348839783088e-02 1.593959689948714579e-04
1.513561248436207052e+02 8.409578723810981482e-02 1.056111053018351770e-10 8.409578713249871162e-02 1.495779339600407289e-04
1.548816618912482852e+02 8.031246277272384437e-02 9.464355343344469425e-11 8.031246267808028749e-02 1.403617979688461719e-04
1.584893192461114211e+02 7.669930840828728669e-02 8.481336088648858683e-11 7.669930832347392202e-02 1.317110170915742901e-04
1.621810097358929852e+02 7.324867241814851659e-02 7.600270676190954241e-11 7.324867234214581246e-02 1.235909974805415520e-04
1.659586907437559660e+02 6.995324697924375223e-02 6.810601811590043726e-11 6.995324691113773141e-02 1.159693485174697128e-04
1.698243652461746080e+02 6.680605272606496281e-02 6.102862892023021569e-11 6.680605266503633621e-02 1.088156331185935157e-04
1.737800828749376194e+02 6.380042399765945005e-02 5.468566584844789049e-11 6.380042394297377739e-02 1.021012687759122021e-04
1.778279410038922776e+02 6.092999474661060094e-02 4.900099536169573919e-11 6.092999469760960324e-02 9.579933468575363464e-05
1.819700858609982674e+02 5.818868508034620579e-02 4.390646752155241037e-11 5.818868503643973705e-02 8.988475663936294888e-05
1.862087136662869398e+02 5.557068840643510782e-02 3.934085607327030779e-11 5.557068836709425086e-02 8.433373128893884908e-05
1.905460717963248385e+02 5.307045915480963078e-02 3.524936961402166685e-11 5.307045911956025791e-02 7.912410788424802696e-05
1.949844599758045547e+02 5.068270105105342205e-02 3.158279121984542448e-11 5.068270101947063011e-02 7.423486874065368180e-05
1.995262314968878741e+02 4.840235591605893117e-02 2.829709684212243718e-11 4.840235588776183734e-02 6.964649771100340971e-05
2.041737944669531544e+02 4.622459296845621984e-02 2.535276738627323797e-11 4.622459294310345135e-02 6.534054306721383287e-05
2.089296130854040712e+02 4.414479860727531929e-02 2.271437790983976776e-11 4.414479858456094030e-02 6.129967662676595239e-05
2.137962089502232459e+02 4.215856665330854763e-02 2.035020076737864532e-11 4.215856663295834694e-02 5.750770079217229529e-05
2.187761623949551790e+02 4.026168902860863263e-02 1.823175981397429813e-11 4.026168901037687625e-02 5.394930674729025565e-05
2.238721138568342326e+02 3.845014685447268460e-02 1.633356585531508969e-11 3.845014683813911816e-02 5.061022382265906085e-05
2.290867652767774700e+02 3.672010194914603759e-02 1.463273744292786168e-11 3.672010193451329813e-02 4.747694918477056105e-05
2.344228815319922603e+02 3.506788870731617630e-02 1.310878696246173259e-11 3.506788869420739141e-02 4.453687126288426233e-05
2.398832919019489793e+02 3.349000634427538869e-02 1.174334831695766327e-11 3.349000633253203935e-02 4.177814159239126650e-05
2.454708915685033617e+02 3.198311148839057955e-02 1.051995136004979429e-11 3.198311147787062658e-02 3.918960479050917077e-05
2.511886431509582280e+02 3.054401110625762361e-02 9.423838542771059339e-12 3.054401109683378343e-02 3.676080109435002916e-05
2.570395782768864592e+02 2.916965574561165495e-02 8.441792348702301710e-12 2.916965573716986254e-02 3.448194656601373959e-05
2.630267991895381670e+02 2.785713308173931244e-02 7.561960915972541312e-12 2.785713307417735096e-02 3.234383537457958825e-05
2.691534803926913924e+02 2.660366175377267689e-02 6.773704208196347409e-12 2.660366174699897376e-02 3.033774513579547407e-05
2.754228703338168884e+02 2.540658547785677734e-02 6.067518875383579701e-12 2.540658547178925933e-02 2.845562889512468857e-05
2.818382931264454783e+02 2.426336742476670888e-02 5.434861837080750270e-12 2.426336741933184799e-02 2.668981374486828386e-05
2.884031503126605571e+02 2.317158485010329880e-02 4.868092328792175429e-12 2.317158484523520676e-02 2.503316863219242388e-05
2.951209226666384211e+02 2.212892396573387654e-02 4.360352840302027995e-12 2.212892396137352419e-02 2.347894813487917627e-05
3.019951720402019077e+02 2.113317504164707525e-02 3.905508668055951669e-12 2.113317503774156739e-02 2.202087610892194421e-05
3.090295432513592004e+02 2.018222772788020453e-02 3.498052213602067198e-12 2.018222772438215198e-02 2.065300550398246296e-05
3.162277660168379612e+02 1.927406658659726671e-02 3.091806110066746555e-12 1.927406658350546212e-02 1.911477588601506058e-05
3.235936569296280823e+02 1.840676682513387938e-02 2.768615820016729547e-12 1.840676682236526418e-02 1.792336884933285618e-05
3.311311214825914249e+02 1.757849022035654074e-02 2.479171758517700939e-12 1.757849021787736762e-02 1.680596867132415196e-05
3.388441561392027666e+02 1.678748122659230041e-02 2.219954360945738273e-12 1.678748122437234702e-02 1.575799533999853736e-05
3.467368504525316553e+02 1.603206325824583708e-02 1.987810688780352583e-12 1.603206325625802786e-02 1.477515112669510865e-05
3.548133892335753217e+02 1.531063513951898963e-02 1.779916287870381257e-12 1.531063513773907314e-02 1.385340326625314002e-05
3.630780547701017440e+02 1.462166771368437340e-02 1.593741009385517987e-12 1.462166771209063264e-02 1.298896769455084880e-05
3.715352290971727598e+02 1.396370060474821581e-02 1.427018382343817504e-12 1.396370060332119759e-02 1.217829377922138596e-05
3.801893963205612863e+02 1.333533912465761050e-02 1.277718169191298519e-12 1.333533912337989298e-02 1.141804998322579139e-05
3.890451449942804629e+02 1.273525131951641978e-02 1.144021774092211506e-12 1.273525131837239741e-02 1.070511040460573724e-05
3.981071705534977241e+02 1.216216514856512457e-02 1.024300207820099375e-12 1.216216514754082413e-02 1.003654213915847651e-05
4.073802778041130068e+02 1.161486578996196589e-02 9.170943438307863908e-13 1.161486578904487137e-02 9.409593415996282714e-06
4.168693834703354923e+02 1.109219306766858100e-02 8.210972276124625754e-13 1.109219306684748434e-02 8.821682458974155084e-06
4.265795188015925419e+02 1.059303899400075924e-02 7.351382260752141534e-13 1.059303899326562159e-02 8.270387029815302993e-06
4.365158322401665600e+02 1.011634542264773159e-02 6.581688258550214600e-13 1.011634542198956363e-02 7.753434611433123987e-06
4.466835921509634773e+02 9.661101807197272628e-03 5.892499092310426910e-13 9.661101806608023493e-03 7.268693192461816172e-06
4.570881896148752048e+02 9.226343060426092646e-03 5.275403541252819828e-13 9.226343059898552829e-03 6.814162616366626180e-06
4.677351412871981324e+02 8.811147509828887517e-03 4.722868205838504124e-13 8.811147509356600377e-03 6.387966460725108023e-06
4.786300923226380064e+02 8.414634945061292073e-03 4.228146004182564476e-13 8.414634944638477512e-03 5.988344414353926236e-06
4.897788193684466478e+02 8.035964753167059577e-03 3.785194194852019598e-13 8.035964752788539445e-03 5.613645121916462982e-06
5.011872336272724624e+02 7.674334137644943724e-03 3.388600935566269788e-13 7.674334137306083707e-03 5.262319467487769845e-06
5.128613839913648462e+02 7.328976417587442990e-03 3.033519490156878167e-13 7.328976417284091029e-03 4.932914270283221681e-06
5.248074602497722481e+02 6.999159403293697505e-03 2.715609288323049930e-13 6.999159403022136954e-03 4.624066367384710490e-06
5.370317963702532325e+02 6.684183844919393790e-03 2.430983125337473730e-13 6.684183844676295713e-03 4.334497059825183932e-06
5.495408738576247742e+02 6.383381950881534574e-03 2.176159862909110394e-13 6.383381950663918718e-03 4.063006899828974666e-06
5.623413251903490391e+02 6.096115972882815148e-03 1.948022058778323878e-13 6.096115972688012641e-03 3.808470798354039647e-06
5.754399373371566071e+02 5.821776854561822208e-03 1.743778012104324920e-13 5.821776854387444335e-03 3.569833433350781487e-06
5.888436553555895898e+02 5.559782940909053020e-03 1.560927765015244666e-13 5.559782940752960000e-03 3.346104940342406880e-06
6.025595860743580943e+02 5.309578745717731182e-03 1.397232648469994010e-13 5.309578745578007880e-03 3.136356868051607152e-06
6.165950018614821602e+02 5.070633774460477257e-03 1.250688003399313017e-13 5.070633774335408031e-03 2.939718382849203439e-06
6.309573444801930009e+02 4.842441400100958721e-03 1.119498746467111767e-13 4.842441399989009208e-03 2.755372706789066040e-06
6.456542290346562822e+02 4.624517789460610463e-03 1.002057484181171610e-13 4.624517789360405029e-03 2.582553774920793721e-06
6.606934480075964302e+02 4.416400877868134102e-03 8.969249098997029029e-14 4.416400877778441959e-03 2.420543098444213945e-06
6.760829753919819041e+02 4.217649389920963970e-03 8.028122458958956053e-14 4.217649389840682703e-03 2.268666821088234371e-06
6.918309709189362593e+02 4.027841904286146718e-03 7.185655173898003614e-14 4.027841904214290135e-03 2.126292956866611418e-06
7.079457843841387330e+02 3.846575960560448537e-03 6.431514676319378269e-14 3.846575960496133231e-03 1.992828798085348170e-06
7.244359600749905894e+02 3.673467206299060872e-03 5.756449429941561020e-14 3.673467206241496242e-03 1.867718483155811447e-06
7.413102413009177099e+02 3.508148582406736115e-03 5.152175948284040071e-14 3.508148582355214394e-03 1.750440714405015678e-06
7.585775750291835493e+02 3.350269545166865114e-03 4.611277608086591425e-14 3.350269545120752260e-03 1.640506616673914948e-06
7.762471166286927655e+02 3.199495323261027872e-03 4.127114027664847108e-14 3.199495323219756632e-03 1.537457728056819679e-06
7.943282347242821970e+02 3.055506208205958051e-03 3.693739908396368488e-14 3.055506208169020584e-03 1.440864114663758199e-06
8.128305161640995493e+02 2.917996876705101703e-03 3.305832352295918655e-14 2.917996876672043511e-03 1.350322601783662967e-06
8.317637711026708303e+02 2.786675743480123563e-03 2.958625771466887967e-14 2.786675743450537420e-03 1.265455114292787964e-06
8.511380382023759239e+02 2.661264343211571567e-03 2.647853597342854220e-14 2.661264343185093181e-03 1.185907119590168129e-06
8.709635899560814778e+02 2.541496740279887163e-03 2.369696080175561059e-14 2.541496740256190406e-03 1.111346166753322964e-06
8.912509381337458763e+02 2.427118965056689320e-03 2.120733543176543641e-14 2.427118965035481891e-03 1.041460515993488675e-06
9.120108393559096385e+02 2.317888475552304720e-03 1.897904521972304345e-14 2.317888475533325544e-03 9.759578528521355290e-07
9.332543007969904920e+02 2.213573643279496007e-03 1.698468279389635599e-14 2.213573643262511329e-03 9.145640819213100462e-07
9.549925860214368640e+02 2.113953262244236755e-03 1.519971238762053104e-14 2.113953262229037108e-03 8.570221951898198209e-07
9.772372209558111535e+02 2.018816080023628015e-03 1.360216926586760346e-14 2.018816080010026048e-03 8.030912104177600066e-07
1.000000000000000000e+03 1.927960349937510439e-03 1.217239058036937511e-14 1.927960349925338102e-03 7.525451752236701332e-07
