1.000000000000000048e-04 3.469993266651776503e+05 9.794211425585855579e+01 3.469013845509217936e+05 4.072970231303863216e+02
1.023292992280753577e-04 3.469822136999819195e+05 1.001401638554271187e+02 3.468820735361264669e+05 4.164377217069937274e+02
1.047128548050899619e-04 3.469649540765530546e+05 1.026398419051357962e+02 3.468623142346478999e+05 4.268327570807776965e+02
1.071519305237605887e-04 3.469470449196794652e+05 1.049486434252923317e+02 3.468420962762541603e+05 4.364340234530528733e+02
1.096478196143185150e-04 3.469287184063236346e+05 1.073093537948883665e+02 3.468214090525287320e+05 4.462511556039337393e+02
1.122018454301963009e-04 3.469099647857969976e+05 1.097230743167450129e+02 3.468002417114802520e+05 4.562887333783464214e+02
1.148153621496882939e-04 3.468907742121877382e+05 1.121910601537466050e+02 3.467785831520339707e+05 4.665519764574735859e+02
1.174897554939529059e-04 3.468711365080234827e+05 1.147144896200768187e+02 3.467564220184034202e+05 4.770457849452833443e+02
1.202264434617413111e-04 3.468510413151329267e+05 1.172946207937543477e+02 3.467337466943391482e+05 4.877753906494921239e+02
1.230268770812381065e-04 3.468304780235182843e+05 1.199327262679963582e+02 3.467105452972502680e+05 4.987460857420845173e+02
1.258925411794167436e-04 3.468094357504151994e+05 1.226300782146653887e+02 3.466868056722005131e+05 5.099631606450731738e+02
1.288249551693133660e-04 3.467879034062642604e+05 1.253880204930717923e+02 3.466625153857711703e+05 5.214322038986274492e+02
1.318256738556407401e-04 3.467658696471391013e+05 1.282079273466387690e+02 3.466376617197924643e+05 5.331589303993196154e+02
1.348962882591653344e-04 3.467433228233596892e+05 1.310911584203724942e+02 3.466122316649393179e+05 5.451489943382570118e+02
1.380384264602885192e-04 3.467202510160651291e+05 1.340391018783563766e+02 3.465862119141867734e+05 5.574081685074804682e+02
1.412537544622754072e-04 3.466966421284087701e+05 1.370532722830341186e+02 3.465595888561257161e+05 5.699427513359688646e+02
1.445439770745927987e-04 3.466724836910371669e+05 1.401351229030326522e+02 3.465323485681341263e+05 5.827587863627597926e+02
1.479108388168207295e-04 3.466477629630860756e+05 1.432861536845956891e+02 3.465044768094014726e+05 5.958625112416812044e+02
1.513561248436208798e-04 3.466224669113511336e+05 1.465078975485452020e+02 3.464759590138025815e+05 6.092603007568484372e+02
1.548816618912481058e-04 3.465965822924711974e+05 1.498020098502648523e+02 3.464467802826209227e+05 6.229590388466915556e+02
1.584893192461114190e-04 3.465700953455012059e+05 1.531699683878571250e+02 3.464169253771133372e+05 6.369648710734007864e+02
1.621810097358929842e-04 3.465429922652367386e+05 1.566135543170663880e+02 3.463863787109197001e+05 6.512852045316412841e+02
1.659586907437561511e-04 3.465152587105740677e+05 1.601343682663016637e+02 3.463551243423077394e+05 6.659266955893610884e+02
1.698243652461744297e-04 3.464868801820963272e+05 1.637342158402734356e+02 3.463231459662560374e+05 6.808968530240589416e+02
1.737800828749376319e-04 3.464578416951551335e+05 1.674147887879449854e+02 3.462904269063671818e+05 6.962027121443317128e+02
1.778279410038922698e-04 3.464281279994249926e+05 1.711778928130261477e+02 3.462569501066119410e+05 7.118517821514992647e+02
1.819700858609982642e-04 3.463977234758383711e+05 1.750253529416808647e+02 3.462226981228966615e+05 7.278516526069766996e+02
1.862087136662867555e-04 3.463666122123585665e+05 1.789590979005130293e+02 3.461876531144580804e+05 7.442103443228070319e+02
1.905460717963248141e-04 3.463347778495619423e+05 1.829810144884693841e+02 3.461517968350734445e+05 7.609357037604781908e+02
1.949844599758045584e-04 3.463022036755433073e+05 1.870930514558905315e+02 3.461151106240873924e+05 7.780358350176682052e+02
1.995262314968878758e-04 3.462688726423419430e+05 1.912972450862590108e+02 3.460775753972556558e+05 7.955192062118217109e+02
2.041737944669529570e-04 3.462347672450763057e+05 1.955956076832464419e+02 3.460391716373930685e+05 8.133941857485739320e+02
2.089296130854038740e-04 3.461998696749460069e+05 1.999902901131296744e+02 3.459998793848328642e+05 8.316697182632234444e+02
2.137962089502232373e-04 3.461641615500985645e+05 2.044833224151340403e+02 3.459596782276834128e+05 8.503542459364888373e+02
2.187761623949551837e-04 3.461276243137550773e+05 2.090770218640272446e+02 3.459185472918910673e+05 8.694574054441756061e+02
2.238721138568339957e-04 3.460902387409210787e+05 2.137735098289691678e+02 3.458764652310921228e+05 8.889880187910997620e+02
2.290867652767772324e-04 3.460519852932976792e+05 2.185750770347724199e+02 3.458334102162629133e+05 9.089556122693877569e+02
2.344228815319922591e-04 3.460128440170527319e+05 2.234840918969164818e+02 3.457893599251558189e+05 9.293700352659714099e+02
2.398832919019489897e-04 3.459727944271164015e+05 2.285028955959488428e+02 3.457442915315204300e+05 9.502410239251222492e+02
2.454708915685031270e-04 3.459318155983118340e+05 2.336339042015852101e+02 3.456981816941102734e+05 9.715786258378041111e+02
2.511886431509579545e-04 3.458898861614449415e+05 2.388796159829596206e+02 3.456510065454620053e+05 9.933932304428926727e+02
2.570395782768864759e-04 3.458469842918774229e+05 2.442426114211919810e+02 3.456027416804562090e+05 1.015695569080700579e+03
2.630267991895381412e-04 3.458030874986105482e+05 2.497253539668367353e+02 3.455533621446437319e+05 1.038495886433806845e+03
2.691534803926916666e-04 3.457581729844987858e+05 2.553305621562565761e+02 3.455028424223425100e+05 1.061805487993686029e+03
2.754228703338166195e-04 3.457122173204678693e+05 2.610608959697337923e+02 3.454511564244981273e+05 1.085635435766170758e+03
2.818382931264455009e-04 3.456651965773441480e+05 2.669191010399133006e+02 3.453982774763042107e+05 1.109997147971357890e+03
2.884031503126605490e-04 3.456170863515008241e+05 2.729080469206053294e+02 3.453441783045802149e+05 1.134902558188214243e+03
2.951209226666386826e-04 3.455678614934817888e+05 2.790304685807663532e+02 3.452888310249010101e+05 1.160363040345479931e+03
3.019951720402015813e-04 3.455174965843863902e+05 2.852894559067532896e+02 3.452322071284796111e+05 1.186391444344686761e+03
3.090295432513592063e-04 3.454659653680010233e+05 2.916878992103048631e+02 3.451742774687907076e+05 1.212999790177826981e+03
3.162277660168379394e-04 3.454132410244605271e+05 2.982287765190024516e+02 3.451150122479415149e+05 1.240200462642162393e+03
3.235936569296281036e-04 3.453592963101161877e+05 3.049153073370541165e+02 3.450543810027791187e+05 1.268006850765243826e+03
3.311311214825911017e-04 3.453041032283338718e+05 3.117506375995948247e+02 3.449923525907342555e+05 1.296432037673033392e+03
3.388441561392027332e-04 3.452476331527323928e+05 3.187379773365841515e+02 3.449288951753958245e+05 1.325489373075351750e+03
3.467368504525316893e-04 3.451898568518031971e+05 3.258806399876180535e+02 3.448639762118156068e+05 1.355192636761665426e+03
3.548133892335753221e-04 3.451307443613506039e+05 3.331819298124365218e+02 3.447975624315381865e+05 1.385555570394657025e+03
3.630780547701014001e-04 3.450702652452467009e+05 3.406454178965784649e+02 3.447296198273501359e+05 1.416593025298449447e+03
3.715352290971728048e-04 3.450083881067157490e+05 3.482744689640998104e+02 3.446601136377516668e+05 1.448318994686643464e+03
3.801893963205612366e-04 3.449450810918696807e+05 3.560727607288816330e+02 3.445890083311407943e+05 1.480748773417560869e+03
3.890451449942804976e-04 3.448803114267604542e+05 3.640438370497493565e+02 3.445162675897107110e+05 1.513897099768905264e+03
3.981071705534973523e-04 3.448140457767872140e+05 3.721914837300054160e+02 3.444418542930572294e+05 1.547779718225789338e+03
4.073802778041126058e-04 3.447462499814527691e+05 3.805194799616127739e+02 3.443657305014911690e+05 1.582412345852064391e+03
4.168693834703355054e-04 3.446768891154708108e+05 3.890316764164840038e+02 3.442878574390543508e+05 1.617810997042432518e+03
4.265795188015925705e-04 3.446059273412477924e+05 3.977318650097786303e+02 3.442081954762380337e+05 1.653991441930862038e+03
4.365158322401661091e-04 3.445333283951089834e+05 4.066242827124182213e+02 3.441267041123965755e+05 1.690971301530401888e+03
4.466835921509630485e-04 3.444590549376021372e+05 4.157129797428681854e+02 3.440433419578592875e+05 1.728767420327926857e+03
4.570881896148752048e-04 3.443830685337744653e+05 4.250018180399623589e+02 3.439580667157344869e+05 1.767395859939240609e+03
4.677351412871981343e-04 3.443053306699824170e+05 4.344955065789428659e+02 3.438708351634034771e+05 1.806876204540585604e+03
4.786300923226385375e-04 3.442258010455544572e+05 4.441979118487427627e+02 3.437816031337057357e+05 1.847224534893729697e+03
4.897788193684460972e-04 3.441444392597244587e+05 4.541137639147780760e+02 3.436903254958096659e+05 1.888460523120106927e+03
5.011872336272725275e-04 3.440612034883205779e+05 4.642473525516609811e+02 3.435969561357689090e+05 1.930602010497427500e+03
5.128613839913648362e-04 3.439760511982052703e+05 4.746032614407636743e+02 3.435014479367645108e+05 1.973668060674765456e+03
5.248074602497722861e-04 3.438889387507962529e+05 4.851859917697286164e+02 3.434037527590265381e+05 2.017677394397392391e+03
5.370317963702527170e-04 3.437998220111159026e+05 4.960005916752517692e+02 3.433038214194406755e+05 2.062651007095852492e+03
5.495408738576247707e-04 3.437086551731317886e+05 5.070515022964043510e+02 3.432016036708353786e+05 2.108607370135247493e+03
5.623413251903490971e-04 3.436153920201330329e+05 5.183438391858060186e+02 3.430970481809472549e+05 2.155567759659083549e+03
5.754399373371566406e-04 3.435199848353767884e+05 5.298823243066498208e+02 3.429901025110701448e+05 2.203551815241513850e+03
5.888436553555889425e-04 3.434223853557674447e+05 5.416722613857115221e+02 3.428807130943817319e+05 2.252581595971975730e+03
6.025595860743581137e-04 3.433225438255512272e+05 5.537186115965580484e+02 3.427688252139546676e+05 2.302677736636042482e+03
6.165950018614822694e-04 3.432204095882223919e+05 5.660266077766731314e+02 3.426543829804456909e+05 2.353862001994794809e+03
6.309573444801929842e-04 3.431159307561978349e+05 5.786014467268614681e+02 3.425373293094709516e+05 2.406156007207389848e+03
6.456542290346555619e-04 3.430090546504621161e+05 5.914487517982424833e+02 3.424176058986638673e+05 2.459583141550425808e+03
6.606934480075964729e-04 3.428997268959133071e+05 6.045736914927465477e+02 3.422951532044205815e+05 2.514164903073431105e+03
6.760829753919818602e-04 3.427878922828645445e+05 6.179818645304582105e+02 3.421699104183340678e+05 2.569924579235942019e+03
6.918309709189362274e-04 3.426734943375639268e+05 6.316788942436678553e+02 3.420418154433202581e+05 2.626885560187830833e+03
7.079457843841380172e-04 3.425564754441751866e+05 6.456705747354092182e+02 3.419108048694398021e+05 2.685071946604088680e+03
7.244359600749898306e-04 3.424367764289256884e+05 6.599624795075808379e+02 3.417768139494180796e+05 2.744506922159086571e+03
7.413102413009177395e-04 3.423143373187162215e+05 6.745607448469131668e+02 3.416397765738692833e+05 2.805216011325551335e+03
7.585775750291835285e-04 3.421890960490307771e+05 6.894708027997436375e+02 3.414996252462310367e+05 2.867221810376681333e+03
7.762471166286919301e-04 3.420609901721150381e+05 7.046991147051548978e+02 3.413562910574098933e+05 2.930551196455080571e+03
7.943282347242813140e-04 3.419299553783873562e+05 7.202517182364042583e+02 3.412097036601509317e+05 2.995229285358754623e+03
8.128305161640994808e-04 3.417959256550588179e+05 7.361344119259001673e+02 3.410597912431329023e+05 3.061280198934842701e+03
8.317637711026708769e-04 3.416588341576416278e+05 7.523536528412116695e+02 3.409064805048003909e+05 3.128730798180363308e+03
8.511380382023767902e-04 3.415186122979092179e+05 7.689156709709493498e+02 3.407496966269382974e+05 3.197607000378737666e+03
8.709635899560805045e-04 3.413751901521887048e+05 7.858269041887928097e+02 3.405893632479999214e+05 3.267935587977813157e+03
8.912509381337459322e-04 3.412284959185369662e+05 8.030934823358737731e+02 3.404254024362011114e+05 3.339742063142542065e+03
9.120108393559096371e-04 3.410784568433967070e+05 8.207221810137649527e+02 3.402577346623829217e+05 3.413054614241088075e+03
9.332543007969905120e-04 3.409249983563835267e+05 8.387195837159964640e+02 3.400862787726675160e+05 3.487900631541006533e+03
9.549925860214359069e-04 3.407680438947920920e+05 8.570919338857185039e+02 3.399109519609063864e+05 3.564306092026753959e+03
9.772372209558110971e-04 3.406075159994136193e+05 8.758462584672097364e+02 3.397316697409463814e+05 3.642300231861006068e+03
1.000000000000000021e-03 3.404433347452654853e+05 8.949888265438261215e+02 3.395483459187216358e+05 3.721909136532638058e+03
1.023292992280753523e-03 3.402754190459747333e+05 9.145264817854288140e+02 3.393608925641893293e+05 3.803161282043316078e+03
1.047128548050899619e-03 3.401036862390324823e+05 9.344662559047884542e+02 3.391692199831276666e+05 3.886085927498313595e+03
1.071519305237607052e-03 3.399280513829436386e+05 9.548146941315110325e+02 3.389732366888121469e+05 3.970710310086230493e+03
1.096478196143185150e-03 3.397484280897025019e+05 9.755787161095724969e+02 3.387728493735929369e+05 4.057063225296955352e+03
1.122018454301963036e-03 3.395647280624406412e+05 9.967651820499180531e+02 3.385679628803906962e+05 4.145173222802234704e+03
1.148153621496882885e-03 3.393768609306992148e+05 1.018380756562308420e+03 3.383584801741369301e+05 4.235068040270596612e+03
1.174897554939530360e-03 3.391847349347114214e+05 1.040432621531539098e+03 3.381443023131798836e+05 4.326777568048813009e+03
1.202264434617413003e-03 3.389882557992857182e+05 1.062927378601235432e+03 3.379253284206844983e+05 4.420329285100944617e+03
1.230268770812381228e-03 3.387873277122561703e+05 1.085872056208589129e+03 3.377014556560475612e+05 4.515752447000189022e+03
1.258925411794167490e-03 3.385818523954824777e+05 1.109273209115654254e+03 3.374725791863668128e+05 4.613074341321479551e+03
1.288249551693134961e-03 3.383717305446619866e+05 1.133138386678941515e+03 3.372385921579830465e+05 4.712326393772238589e+03
1.318256738556407509e-03 3.381568595283735776e+05 1.157473860240626891e+03 3.369993856681329780e+05 4.813534717348563390e+03
1.348962882591653182e-03 3.379371349720826256e+05 1.182286235331424223e+03 3.367548487367511843e+05 4.916726817045984717e+03
1.380384264602885300e-03 3.377124514358792221e+05 1.207583157432035478e+03 3.365048682784471894e+05 5.021934525039177970e+03
1.412537544622755482e-03 3.374826994286055560e+05 1.233370353902637362e+03 3.362493290747029241e+05 5.129181699223430769e+03
1.445439770745927987e-03 3.372477687356703682e+05 1.259654989341127930e+03 3.359881137463292689e+05 5.238498177177572870e+03
1.479108388168207241e-03 3.370075460232180194e+05 1.286443296995973469e+03 3.357211027262220741e+05 5.349909926177710076e+03
1.513561248436207226e-03 3.367619164653499611e+05 1.313742232885287194e+03 3.354481742324646912e+05 5.463445922323345258e+03
1.548816618912481112e-03 3.365107618290645769e+05 1.341557587243889884e+03 3.351692042418206693e+05 5.579130296841292875e+03
1.584893192461114082e-03 3.362539621715903049e+05 1.369895707920009727e+03 3.348840664636702859e+05 5.696989503352408065e+03
1.621810097358929734e-03 3.359913956876251614e+05 1.398763373186827266e+03 3.345926323144383496e+05 5.817051789174031910e+03
1.659586907437559777e-03 3.357229368650490651e+05 1.428165972479549509e+03 3.342947708925695042e+05 5.939339629772772241e+03
1.698243652461744243e-03 3.354484585752178682e+05 1.458109621107935709e+03 3.339903489541099407e+05 6.063878523473409587e+03
1.737800828749376265e-03 3.351678306548011024e+05 1.488599765848598736e+03 3.336792308889525011e+05 6.190691192783326187e+03
1.778279410038922752e-03 3.348809207258002716e+05 1.519642027992375006e+03 3.333612786978079239e+05 6.319801090665511765e+03
1.819700858609982642e-03 3.345875937033980154e+05 1.551241733425030588e+03 3.330363519699730095e+05 6.451230446568504703e+03
1.862087136662867555e-03 3.342877122697124723e+05 1.583404407756260525e+03 3.327043078619561857e+05 6.585002325855350136e+03
1.905460717963248195e-03 3.339811357272719615e+05 1.616134650232038894e+03 3.323650010770399240e+05 6.721135947009654956e+03
1.949844599758045584e-03 3.336677206662100507e+05 1.649436820357441775e+03 3.320182838458525948e+05 6.859649537461904401e+03
1.995262314968878920e-03 3.333473215714339167e+05 1.683315663407134934e+03 3.316640059080267674e+05 7.000562935323281636e+03
2.041737944669529733e-03 3.330197900253841653e+05 1.717775530356300806e+03 3.313020144950278918e+05 7.143894345652508491e+03
2.089296130854040746e-03 3.326849734934612061e+05 1.752819179221654622e+03 3.309321543142395676e+05 7.289655355854535628e+03
2.137962089502232644e-03 3.323427190348688164e+05 1.788451500475958937e+03 3.305542675343928859e+05 7.437866429397199681e+03
2.187761623949552054e-03 3.319928686734808725e+05 1.824674901046435707e+03 3.301681937724344316e+05 7.588537709193232331e+03
2.238721138568339902e-03 3.316352626684492570e+05 1.861492586520489567e+03 3.297737700819287566e+05 7.741682668164403367e+03
2.290867652767774546e-03 3.312697373359305202e+05 1.898906392832964457e+03 3.293708309430975351e+05 7.897309092090365993e+03
2.344228815319922537e-03 3.308961271928610513e+05 1.936918938263230757e+03 3.289592082545978483e+05 8.055428029981260806e+03
2.398832919019489897e-03 3.305142632494447171e+05 1.975531922292232139e+03 3.285387313271524617e+05 8.216046719838783247e+03
2.454708915685031162e-03 3.301239729588686023e+05 2.014746079727835195e+03 3.281092268791407696e+05 8.379168398419311416e+03
2.511886431509582039e-03 3.297250812895702547e+05 2.054562255298858872e+03 3.276705190342714195e+05 8.544796770978873610e+03
2.570395782768864542e-03 3.293174103967354749e+05 2.094981075278344179e+03 3.272224293214571080e+05 8.712934646270356097e+03
2.630267991895381303e-03 3.289007786010959535e+05 2.136001924079171204e+03 3.267647766770168091e+05 8.883579680942226332e+03
2.691534803926913955e-03 3.284750016143680550e+05 2.177624165029379128e+03 3.262973774493386736e+05 9.056729457387946240e+03
2.754228703338165978e-03 3.280398918239939376e+05 2.219846417856878816e+03 3.258200454061370692e+05 9.232378479599921775e+03
2.818382931264454792e-03 3.275952589495450957e+05 2.262667205102509342e+03 3.253325917444425868e+05 9.410520862401157501e+03
2.884031503126605490e-03 3.271409083645181381e+05 2.306083261043492712e+03 3.248348251034746645e+05 9.591143299041103091e+03
2.951209226666384224e-03 3.266766430901785498e+05 2.350091509640218646e+03 3.243265515805383329e+05 9.774233288380886734e+03
3.019951720402016138e-03 3.262022639153321506e+05 2.394689165224397129e+03 3.238075747501077713e+05 9.959779554676249973e+03
3.090295432513592063e-03 3.257175662859558943e+05 2.439870599707676320e+03 3.232776956862481893e+05 1.014775901894818344e+04
3.162277660168379394e-03 3.252223437379421666e+05 2.485630749398558237e+03 3.227367129885436152e+05 1.033815096921255099e+04
3.235936569296281144e-03 3.247163861841057078e+05 2.531963372407422412e+03 3.221844228116982849e+05 1.053092981390406931e+04
3.311311214825910908e-03 3.241994825124493218e+05 2.578863613464591253e+03 3.216206188989847433e+05 1.072607575055942834e+04
3.388441561392027332e-03 3.236714143899946357e+05 2.626321770280924738e+03 3.210450926197136869e+05 1.092354883998327750e+04
3.467368504525316676e-03 3.231319637887835852e+05 2.674330777868981386e+03 3.204576330109146074e+05 1.112332013625524087e+04
3.548133892335753221e-03 3.225809079390642582e+05 2.722881115660132309e+03 3.198580268234041287e+05 1.132535050557811337e+04
3.630780547701014001e-03 3.220180209419148741e+05 2.771962369468589259e+03 3.192460585724462871e+05 1.152959712406573817e+04
3.715352290971727939e-03 3.214430754546799581e+05 2.821564861491820011e+03 3.186215105931881117e+05 1.173602025889850665e+04
3.801893963205612691e-03 3.208558390690326341e+05 2.871675967952889550e+03 3.179841631010797573e+05 1.194456795348656306e+04
3.890451449942804868e-03 3.202560780925329891e+05 2.922283835054332485e+03 3.173337942574786721e+05 1.215519148496224625e+04
3.981071705534973415e-03 3.196435524422386661e+05 2.973372201589821543e+03 3.166701802406488569e+05 1.236782383055442915e+04
4.073802778041130286e-03 3.190180252313318197e+05 3.024929908967136726e+03 3.159930953223647084e+05 1.258241922601220722e+04
4.168693834703355271e-03 3.183792507815951249e+05 3.076938831256773483e+03 3.153023119503383641e+05 1.279890296219837364e+04
4.265795188015925922e-03 3.177269828880668501e+05 3.129382051382049212e+03 3.145976008366848109e+05 1.301720539560429825e+04
4.365158322401660983e-03 3.170609738539111568e+05 3.182242801258977124e+03 3.138787310526521760e+05 1.323725754188502833e+04
4.466835921509634821e-03 3.163809721206378308e+05 3.235501990802889850e+03 3.131454701298349537e+05 1.345898079917537871e+04
4.570881896148752156e-03 3.156867233410051558e+05 3.289139172899535424e+03 3.123975841681056190e+05 1.368229096371246851e+04
4.677351412871981126e-03 3.149779714631005772e+05 3.343133512617879205e+03 3.116348379504826735e+05 1.390710226346705713e+04
4.786300923226380170e-03 3.142544563436735189e+05 3.397461278498911724e+03 3.108569950651745894e+05 1.413331692415383077e+04
4.897788193684460972e-03 3.135159190092239878e+05 3.452100974198908261e+03 3.100638180350250914e+05 1.436084651843631218e+04
5.011872336272724625e-03 3.127620937845220906e+05 3.507025329928128031e+03 3.092550684545939439e+05 1.458957865268213209e+04
5.128613839913647929e-03 3.119927177581404103e+05 3.562210623037793084e+03 3.084305071351026418e+05 1.481941574268867953e+04
5.248074602497722861e-03 3.112075219300783356e+05 3.617627672601834547e+03 3.075898942574764951e+05 1.505023755273883762e+04
5.370317963702526953e-03 3.104062379308392992e+05 3.673248397126226337e+03 3.067329895337130874e+05 1.528192847837456429e+04
5.495408738576248141e-03 3.095885951544592972e+05 3.729042777657516581e+03 3.058595523768017883e+05 1.551436491476519586e+04
5.623413251903490971e-03 3.087543212935967604e+05 3.784979214175563357e+03 3.049693420794212143e+05 1.574741674140883515e+04
5.754399373371566623e-03 3.079031432575705694e+05 3.841025255938580358e+03 3.040621180016319850e+05 1.598095036288356641e+04
5.888436553555889859e-03 3.070347864854273503e+05 3.897146717645412082e+03 3.031376397677819477e+05 1.621482503390655984e+04
6.025595860743580487e-03 3.061489764265426202e+05 3.953308953708102308e+03 3.021956674728345242e+05 1.644889816334910938e+04
6.165950018614822260e-03 3.052454340786501416e+05 4.009472180327965816e+03 3.012359618983221590e+05 1.668300585255101032e+04
6.309573444801930275e-03 3.043238853448174777e+05 4.065600606698455977e+03 3.002582847381189931e+05 1.691700089048482550e+04
6.456542290346555836e-03 3.033840508844910655e+05 4.121652050266930928e+03 2.992623988342241501e+05 1.715070954669196362e+04
6.606934480075964296e-03 3.024256559699798236e+05 4.177587547252730474e+03 2.982480684227271122e+05 1.738397156223356797e+04
6.760829753919818386e-03 3.014484223746753414e+05 4.233362984551587033e+03 2.972150593901237589e+05 1.761660533177954130e+04
6.918309709189362708e-03 3.004520722732015420e+05 4.288932733067931622e+03 2.961631395401335903e+05 1.784842302337254660e+04
7.079457843841380389e-03 2.994363318864831235e+05 4.344253015324457920e+03 2.950920788711586501e+05 1.807924459496427880e+04
7.244359600749906113e-03 2.984009229928794084e+05 4.399273128375420129e+03 2.940016498645039974e+05 1.830886127007584582e+04
7.413102413009176744e-03 2.973455735968146473e+05 4.453945813345490933e+03 2.928916277834691573e+05 1.853707869281521562e+04
7.585775750291835935e-03 2.962700092872300884e+05 4.508218303837878011e+03 2.917617909833922167e+05 1.876367967553997005e+04
7.762471166286919952e-03 2.951739617792086210e+05 4.562040546489222834e+03 2.906119212327193818e+05 1.898845841302756526e+04
7.943282347242820729e-03 2.940571588434434379e+05 4.615354798306168959e+03 2.894418040451372508e+05 1.921117718643276748e+04
8.128305161640994592e-03 2.929193361156626488e+05 4.668107092869362532e+03 2.882512290227932972e+05 1.943161408808087435e+04
8.317637711026708985e-03 2.917602282220813213e+05 4.720238011484701019e+03 2.870399902105966466e+05 1.964952460854290621e+04
8.511380382023758795e-03 2.905795752402244252e+05 4.771688778660914068e+03 2.858078864615635248e+05 1.986466700847951142e+04
8.709635899560804612e-03 2.893771210955797578e+05 4.822399282432439577e+03 2.845547218131473055e+05 2.007679407848710980e+04
8.912509381337458889e-03 2.881526094639363582e+05 4.872303589479745824e+03 2.832803058744565933e+05 2.028563446588180159e+04
9.120108393559096804e-03 2.869057915518250666e+05 4.921337327595956594e+03 2.819844542242290918e+05 2.049092340674881052e+04
9.332543007969904686e-03 2.856364227680966142e+05 4.969433948695240360e+03 2.806669888194013620e+05 2.069238716680584184e+04
9.549925860214358853e-03 2.843442644666222041e+05 5.016526052556579998e+03 2.793277384140656213e+05 2.088974855029612445e+04
9.772372209558111839e-03 2.830290774857051438e+05 5.062538497131800796e+03 2.779665389885733603e+05 2.108269820572338358e+04
1.000000000000000021e-02 2.816906370539359632e+05 5.107402865438295521e+03 2.765832341884976486e+05 2.127095486384535980e+04
1.023292992280754737e-02 2.803287178044291213e+05 5.151042031306071294e+03 2.751776757731230464e+05 2.145420105996427083e+04
1.047128548050899575e-02 2.789431024572870811e+05 5.193378384201303561e+03 2.737497240730857593e+05 2.163211737642121079e+04
1.071519305237607009e-02 2.775335864663549582e+05 5.234338009616096315e+03 2.722992484567388892e+05 2.180439985060432082e+04
1.096478196143185063e-02 2.760999626646662364e+05 5.273834859905984558e+03 2.708261278047602391e+05 2.197069403094920199e+04
1.122018454301963036e-02 2.746420413654490840e+05 5.311790372972376645e+03 2.693302509924767073e+05 2.213067668702356241e+04
1.148153621496882971e-02 2.731596337451005820e+05 5.348116365784682785e+03 2.678115173793159192e+05 2.228398453612961748e+04
1.174897554939529146e-02 2.716525691568024922e+05 5.382731852057753713e+03 2.662698373047447531e+05 2.243028429586045240e+04
1.202264434617413176e-02 2.701206764643325005e+05 5.415543874343208699e+03 2.647051325899892836e+05 2.256919280397814873e+04
1.230268770812381098e-02 2.685638052071065758e+05 5.446468162328857943e+03 2.631173370447776979e+05 2.270036308218729755e+04
1.258925411794167490e-02 2.669818051281785592e+05 5.475408149900422359e+03 2.615063969782781496e+05 2.282339687432257051e+04
1.288249551693133529e-02 2.653745470992916380e+05 5.502275385943813490e+03 2.598722717133478145e+05 2.293792968971061055e+04
1.318256738556407466e-02 2.637419070233051898e+05 5.526972920168313976e+03 2.582149341031368822e+05 2.304356153184922732e+04
1.348962882591653312e-02 2.620837772914199159e+05 5.549406242387394741e+03 2.565343710490325175e+05 2.313990246936015319e+04
1.380384264602885214e-02 2.604000649210782431e+05 5.569480902221928773e+03 2.548305840188563161e+05 2.322656268928629652e+04
1.412537544622754007e-02 2.586906860159288626e+05 5.587096451761709432e+03 2.531035895641671668e+05 2.330312720406229346e+04
1.445439770745927943e-02 2.569555808642812481e+05 5.602161028834125318e+03 2.513534198354471300e+05 2.336921663596411236e+04
1.479108388168207111e-02 2.551946968443911464e+05 5.614573750501285758e+03 2.495801230938898516e+05 2.342441375104463805e+04
1.513561248436208657e-02 2.534080044909561984e+05 5.624240272519547034e+03 2.477837642184366414e+05 2.346832831774814986e+04
1.548816618912481069e-02 2.515954915123542887e+05 5.631066305711450696e+03 2.459644252066428307e+05 2.350057002591561104e+04
1.584893192461114125e-02 2.497571603129718569e+05 5.634954645077055829e+03 2.441222056678947993e+05 2.352073603985771479e+04
1.621810097358929864e-02 2.478930372350628313e+05 5.635813927633069397e+03 2.422572233074297546e+05 2.352844749918426533e+04
1.659586907437561251e-02 2.460031745300584880e+05 5.633560130505949928e+03 2.403696143995525490e+05 2.352335573999930421e+04
1.698243652461744330e-02 2.440876398654304212e+05 5.628105617043763232e+03 2.384595342483866552e+05 2.350509651703927011e+04
1.737800828749376178e-02 2.421465266646901437e+05 5.619369030255516918e+03 2.365271576344346395e+05 2.347333125311333060e+04
1.778279410038922925e-02 2.401799560902277299e+05 5.607276845047602365e+03 2.345726792451801302e+05 2.342775348262310945e+04
1.819700858609984290e-02 2.381880786423260288e+05 5.591764554420096829e+03 2.325963140879059210e+05 2.336809377166544073e+04
1.862087136662867598e-02 2.361710629306053743e+05 5.572765047739740112e+03 2.305982978828656196e+05 2.329407110673064017e+04
1.905460717963248368e-02 2.341291234190927353e+05 5.550235984189123883e+03 2.285788874349036196e+05 2.320550725110113854e+04
1.949844599758045541e-02 2.320624963856872055e+05 5.524135404096608909e+03 2.265383609815906093e+05 2.310222479448707236e+04
1.995262314968880915e-02 2.299714487619287393e+05 5.494430246025696761e+03 2.244770185159030370e+05 2.298408270178173552e+04
2.041737944669529473e-02 2.278562902243158896e+05 5.461108142843037058e+03 2.223951820814728562e+05 2.285102563492582340e+04
2.089296130854038577e-02 2.257173626454622718e+05 5.424166607060313254e+03 2.202931960384019476e+05 2.270303872280954602e+04
2.137962089502232557e-02 2.235550477098206175e+05 5.383620412173991099e+03 2.181714272976466164e+05 2.254017844223053908e+04
2.187761623949551967e-02 2.213697655065506988e+05 5.339499984580450473e+03 2.160302655219702574e+05 2.236256591103841856e+04
2.238721138568339902e-02 2.191619792586257681e+05 5.291855967143849739e+03 2.138701232914819266e+05 2.217040603378296873e+04
2.290867652767772378e-02 2.169321899120697635e+05 5.240753680272617203e+03 2.116914362317971536e+05 2.196396435723349714e+04
2.344228815319922624e-02 2.146809446161932719e+05 5.186281513302385065e+03 2.094946631028908887e+05 2.174360229357253047e+04
2.398832919019489723e-02 2.124088351523817400e+05 5.128549305624933368e+03 2.072802858467568003e+05 2.150977045129287580e+04
2.454708915685031162e-02 2.101164887477830925e+05 5.067679155745433491e+03 2.050488095920376654e+05 2.126297020122329195e+04
2.511886431509579437e-02 2.078045901735166553e+05 5.003827559653764183e+03 2.028007626138628984e+05 2.100384667536862253e+04
2.570395782768864629e-02 2.054738540171658387e+05 4.937157769968529465e+03 2.005366962471973093e+05 2.073307298174179959e+04
2.630267991895381477e-02 2.031250431397811044e+05 4.867858387674379628e+03 1.982571847521067248e+05 2.045142838275749091e+04
2.691534803926916644e-02 2.007589645347687765e+05 4.796139405335058655e+03 1.959628251294337097e+05 2.015978193186894350e+04
2.754228703338166065e-02 1.983764592295969778e+05 4.722222344094141590e+03 1.936542368855028471e+05 1.985905126214799020e+04
2.818382931264454966e-02 1.959784087855377584e+05 4.646347040946615380e+03 1.913320617445911339e+05 1.955023134156758897e+04
2.884031503126605750e-02 1.935657288078449783e+05 4.568765499799228564e+03 1.889969633080457570e+05 1.923436888918548357e+04
2.951209226666387173e-02 1.911393676567641378e+05 4.489740997688817515e+03 1.866496266590753221e+05 1.891255888048590714e+04
3.019951720402016052e-02 1.887003017961156729e+05 4.409543883706562156e+03 1.842907579124091135e+05 1.858592713476804420e+04
3.090295432513592150e-02 1.862495349328532466e+05 4.328451224663329413e+03 1.819210837081899226e+05 1.825562909728197337e+04
3.162277660168379134e-02 1.837880914805352222e+05 4.246740830882259615e+03 1.795413506496529735e+05 1.792282493119718856e+04
3.235936569296284093e-02 1.813170151054839371e+05 4.164690421142530795e+03 1.771523246843414090e+05 1.758867624554394570e+04
3.311311214825911342e-02 1.788373646701873222e+05 4.082574241374105895e+03 1.747547904288132268e+05 1.725433207408766975e+04
3.388441561392027679e-02 1.763502100701229938e+05 4.000659633110949926e+03 1.723495504370120470e+05 1.692091460507823649e+04
3.467368504525316503e-02 1.738566288038054481e+05 3.919204391105070044e+03 1.699374244127003767e+05 1.658950820555695827e+04
3.548133892335756517e-02 1.713577020706431940e+05 3.838453704061726967e+03 1.675192483665814798e+05 1.626114664078527494e+04
3.630780547701013827e-02 1.688545178249370947e+05 3.758644105955961095e+03 1.650958737189811363e+05 1.593682996276652739e+04
3.715352290971724036e-02 1.663481549115786329e+05 3.679988562380594885e+03 1.626681663491980289e+05 1.561746143267931075e+04
3.801893963205612431e-02 1.638396943770383950e+05 3.602688784155536723e+03 1.602370055928828660e+05 1.530389975628649881e+04
3.890451449942804868e-02 1.613302097160580452e+05 3.526926527000256101e+03 1.578032831890577800e+05 1.499692224874531348e+04
3.981071705534973415e-02 1.588207657877225429e+05 3.452863609089030433e+03 1.553679021786335215e+05 1.469722488179484571e+04
4.073802778041125949e-02 1.563124213764384622e+05 3.380645619898336008e+03 1.529317757565401262e+05 1.440543803759314142e+04
4.168693834703354750e-02 1.538062221136367007e+05 3.310396033809961409e+03 1.504958260798267438e+05 1.412210141046428544e+04
4.265795188015925749e-02 1.513031961014693370e+05 3.242213067127813247e+03 1.480609830343415379e+05 1.384765042923972396e+04
4.365158322401661156e-02 1.488043658381538407e+05 3.176182875323575900e+03 1.456281829628302658e+05 1.358247241423925880e+04
4.466835921509629964e-02 1.463107307813141670e+05 3.112363423778514516e+03 1.431983673575356661e+05 1.332683754123403560e+04
4.570881896148751983e-02 1.438232716639173450e+05 3.050790143326626094e+03 1.407724815205907216e+05 1.308092263466532495e+04
4.677351412871981473e-02 1.413429511209490302e+05 2.991477925224457977e+03 1.383514731957245676e+05 1.284481936551932085e+04
4.786300923226385201e-02 1.388707045134853397e+05 2.934413338501723501e+03 1.359362911749836057e+05 1.261850040995374002e+04
4.897788193684461666e-02 1.364074383642432222e+05 2.879554479871677358e+03 1.335278838843715494e+05 1.240181809890068143e+04
5.011872336272724798e-02 1.339540291069088271e+05 2.826831154441411854e+03 1.311271979524674243e+05 1.219450437355614849e+04
5.128613839913648276e-02 1.315113149779049272e+05 2.776138211661791502e+03 1.287351767662431375e+05 1.199614104256951214e+04
5.248074602497728586e-02 1.290800941453947307e+05 2.727335126968079294e+03 1.263527590184266446e+05 1.180615662660167072e+04
5.370317963702526953e-02 1.266611182235708693e+05 2.680240972694874472e+03 1.239808772508760012e+05 1.162380299187841774e+04
5.495408738576248314e-02 1.242550930325888330e+05 2.634636634074329322e+03 1.216204563985145069e+05 1.144816299317400444e+04
5.623413251903491145e-02 1.218626665441407531e+05 2.590254205689481751e+03 1.192724123384512786e+05 1.127810214440422897e+04
5.754399373371572174e-02 1.194844347546375648e+05 2.546784305688328459e+03 1.169376504489492363e+05 1.111229759502963498e+04
5.888436553555889685e-02 1.171209363875258277e+05 2.503872204595553740e+03 1.146170641829302767e+05 1.094921822951924514e+04
6.025595860743580834e-02 1.147726573495694174e+05 2.461123688874130494e+03 1.123115336606952915e+05 1.078714682114484094e+04
6.165950018614822087e-02 1.124400332752588292e+05 2.418108988746535488e+03 1.100219242865122942e+05 1.062419360766403588e+04
6.309573444801935826e-02 1.101234573760058265e+05 2.374371982339776878e+03 1.077490853936660569e+05 1.045833292117760902e+04
6.456542290346556356e-02 1.078232922541197913e+05 2.329443331635794948e+03 1.054938489224840014e+05 1.028745736078287882e+04
6.606934480075957183e-02 1.055398842677575303e+05 2.282856132013093884e+03 1.032570281357444328e+05 1.010944362180116150e+04
6.760829753919818386e-02 1.032735827340450924e+05 2.234166358302344179e+03 1.010394163757427450e+05 9.922240460586768677e+03
6.918309709189363055e-02 1.010247622061464062e+05 2.182976339010459469e+03 9.884178586713594268e+04 9.723971529425753033e+03
7.079457843841380216e-02 9.879384293782537861e+04 2.128956368321466471e+03 9.666488656950391305e+04 9.513031774559811311e+03
7.244359600749898653e-02 9.658132466801448027e+04 2.071879584646738749e+03 9.450944508336774015e+04 9.288245353224232531e+03
7.413102413009177438e-02 9.438780147009970096e+04 2.011637856919604019e+03 9.237616361318009149e+04 9.048941718250947815e+03
7.585775750291835762e-02 9.221398900066220085e+04 1.948270010101028220e+03 9.026571899056117400e+04 8.795089762527051789e+03
7.762471166286918911e-02 9.006073706270335242e+04 1.881975301909577183e+03 8.817876176079377183e+04 8.527369085843945868e+03
7.943282347242813790e-02 8.792903706572455121e+04 1.813121730411569388e+03 8.611591533531298046e+04 8.247220744118963921e+03
8.128305161640994592e-02 8.582002433252130868e+04 1.742249119885102118e+03 8.407777521263620292e+04 7.956876989194572161e+03
8.317637711026708291e-02 8.373495659254875500e+04 1.670048322674425890e+03 8.206490826987432956e+04 7.659284071566080456e+03
8.511380382023767122e-02 8.167519652198013500e+04 1.597344395329016379e+03 8.007785212665112340e+04 7.358043369101609642e+03
8.709635899560805306e-02 7.964216569226227875e+04 1.525051109324865365e+03 7.811711458293741453e+04 7.057220248057351455e+03
8.912509381337459236e-02 7.763730488799385785e+04 1.454131756019076192e+03 7.618317313197477779e+04 6.761178687766224357e+03
9.120108393559096804e-02 7.566201640732178930e+04 1.385541858185095862e+03 7.427647454913669208e+04 6.474328001101406699e+03
9.332543007969915094e-02 7.371760996519935725e+04 1.320175407962149393e+03 7.239743455723721127e+04 6.200879443700531738e+03
9.549925860214358853e-02 7.180524715944162745e+04 1.258809590972206252e+03 7.054643756846942415e+04 5.944588322286464972e+03
9.772372209558111145e-02 6.992589198964658135e+04 1.202055486824425998e+03 6.872383650282215967e+04 5.708515606852044584e+03
1.000000000000000056e-01 6.808026918431428203e+04 1.150316501808719750e+03 6.692995268250556546e+04 5.494817108666159584e+03
1.023292992280754737e-01 6.626882969712700287e+04 1.103753895533780906e+03 6.516507580159322242e+04 5.304557221506611313e+03
1.047128548050899610e-01 6.449173895164201531e+04 1.062274981854306361e+03 6.342946396978770645e+04 5.137622618311251244e+03
1.071519305237607078e-01 6.274886346727397176e+04 1.025519638358106931e+03 6.172334382891586574e+04 4.992620911975982381e+03
1.096478196143185063e-01 6.103978600685082347e+04 9.928752663686969981e+02 6.004691074048212613e+04 4.866910741778269767e+03
1.122018454301964147e-01 5.936383181119954679e+04 9.635027688642777548e+02 5.840032904233526642e+04 4.756683153009333182e+03
1.148153621496882937e-01 5.772011200749808631e+04 9.363796352399331226e+02 5.678373237225814955e+04 4.657127208984588833e+03
1.174897554939530325e-01 5.610759787323671480e+04 9.103738171872292924e+02 5.519722405604948290e+04 4.562753246171291721e+03
1.202264434617413141e-01 5.452520825394627172e+04 8.843306964893124587e+02 5.364087755745695904e+04 4.467793949785264886e+03
1.230268770812381063e-01 5.297191708808182739e+04 8.571801009616892770e+02 5.211473698712013720e+04 4.366724840055670029e+03
1.258925411794167559e-01 5.144687016426329501e+04 8.280524967549055191e+02 5.061881766750838869e+04 4.254857644102179620e+03
1.288249551693133599e-01 4.994949335344559950e+04 7.963866027618704493e+02 4.915310675068372802e+04 4.128921909186563425e+03
1.318256738556407293e-01 4.847957723504888418e+04 7.620133494664515865e+02 4.771756388558242907e+04 3.987558478603123149e+03
1.348962882591653312e-01 4.703731214867536619e+04 7.251902172747038549e+02 4.631212193140065938e+04 3.831584954399615981e+03
1.380384264602885214e-01 4.562327007728589524e+04 6.865823637111570861e+02 4.493668771357474179e+04 3.664000781661611654e+03
1.412537544622753938e-01 4.423832244371516572e+04 6.471796249354375732e+02 4.359114281877972826e+04 3.489655657768174478e+03
1.445439770745927943e-01 4.288350596078464150e+04 6.081615354656498766e+02 4.227534442531898821e+04 3.314622033075306717e+03
1.479108388168207111e-01 4.155985896914925252e+04 5.707328038964243433e+02 4.098912616525282647e+04 3.145370227080145014e+03
1.513561248436208762e-01 4.026825455107868038e+04 5.359555364772636494e+02 3.973229901460141991e+04 2.987873004970942930e+03
1.548816618912481069e-01 3.900925893202442967e+04 5.046067240504145275e+02 3.850465220797401707e+04 2.846789684181261691e+03
1.584893192461114264e-01 3.778303168264697888e+04 4.770775086469379289e+02 3.730595417400004226e+04 2.724825760540149531e+03
1.621810097358929725e-01 3.658928331459955371e+04 4.533298266085758428e+02 3.613595348799097701e+04 2.622369363668271035e+03
1.659586907437561321e-01 3.542728929743463232e+04 4.329094591158204821e+02 3.499437983831881138e+04 2.537421062672723565e+03
1.698243652461744191e-01 3.429595987067984242e+04 4.150148675979415884e+02 3.388094500308189890e+04 2.465839739904822636e+03
1.737800828749376247e-01 3.319396451977385732e+04 3.986206860579150089e+02 3.279534383371594595e+04 2.401929155572891887e+03
1.778279410038922925e-01 3.211990009403401564e+04 3.826448517153719990e+02 3.173725524231864256e+04 2.339334649086215904e+03
1.819700858609984429e-01 3.107248587450100604e+04 3.661426849314775609e+02 3.070634318956952848e+04 2.272182933903212870e+03
1.862087136662867459e-01 3.005074765408984968e+04 3.484899838324290613e+02 2.970225767025741879e+04 2.196257602522906836e+03
1.905460717963248229e-01 2.905414704424350566e+04 3.295113506816568929e+02 2.872463569356184962e+04 2.109940035321126288e+03
1.949844599758045471e-01 2.808260851820906100e+04 3.095062628276089072e+02 2.777310225538145096e+04 2.014585044561684754e+03
1.995262314968880846e-01 2.713642961003215169e+04 2.891583098813421771e+02 2.684727130015080911e+04 1.914171077327061766e+03
2.041737944669529681e-01 2.621609106212505139e+04 2.693443923794957300e+02 2.594674666974555657e+04 1.814249552430499989e+03
2.089296130854040867e-01 2.532202503181815700e+04 2.509019945851174782e+02 2.507112303723303921e+04 1.720500356222004484e+03
2.137962089502232488e-01 2.445440519948850852e+04 2.344183760975444955e+02 2.421998682339096558e+04 1.637282721949332881e+03
2.187761623949551759e-01 2.361301678611897296e+04 2.200996920401943839e+02 2.339291709407877715e+04 1.566587625005793370e+03
2.238721138568340041e-01 2.279723107274635549e+04 2.077446360333591144e+02 2.258948643671299578e+04 1.507620409355624361e+03
2.290867652767772378e-01 2.200608516050023536e+04 1.968233462383931283e+02 2.180926181426184121e+04 1.457105708206235704e+03
2.344228815319922832e-01 2.123844644749532017e+04 1.866410521582336060e+02 2.105180539533708725e+04 1.410264623654148636e+03
2.398832919019489862e-01 2.049322367354825110e+04 1.765483144246634595e+02 2.031667535912358653e+04 1.362272236106962055e+03
2.454708915685031023e-01 1.976956442203473125e+04 1.661377479916564823e+02 1.960342667404307576e+04 1.309798182645291945e+03
2.511886431509579576e-01 1.906696875035718767e+04 1.553569011520768584e+02 1.891161184920511005e+04 1.252079460509817636e+03
2.570395782768864490e-01 1.838527002626740068e+04 1.444883684217574569e+02 1.824078165784564408e+04 1.191048669504891677e+03
2.630267991895381408e-01 1.772448879502466662e+04 1.340029629239305677e+02 1.759048583210073775e+04 1.130411382760401011e+03
2.691534803926916575e-01 1.708462396255381464e+04 1.243502339532129781e+02 1.696027372860060132e+04 1.074049803200058705e+03
2.754228703338166273e-01 1.646547324423668033e+04 1.157782797332114058e+02 1.634969496450346924e+04 1.024449417090990664e+03
2.818382931264454827e-01 1.586655435600190867e+04 1.082543322862845372e+02 1.575830002371562477e+04 9.818015995963760361e+02
2.884031503126605611e-01 1.528714824901530665e+04 1.015074158503587824e+02 1.518564083316494725e+04 9.441041318351286691e+02
2.951209226666386964e-01 1.472643864109788956e+04 9.516733198997737020e+01 1.463127130910791129e+04 9.081997135577622657e+02
3.019951720402015982e-01 1.418368445036932098e+04 8.893657681074341781e+01 1.409474787355857734e+04 8.713079056331603169e+02
3.090295432513592289e-01 1.365834328842940704e+04 8.271334740368745031e+01 1.357562994102571975e+04 8.323186135309525753e+02
3.162277660168379412e-01 1.315008536298889885e+04 7.660498715002211156e+01 1.307348037583887708e+04 7.921677000083086568e+02
3.235936569296284371e-01 1.265869475812620840e+04 7.082883769864476164e+01 1.258786592042756274e+04 7.530740790320900260e+02
3.311311214825911065e-01 1.218392414413728511e+04 6.556654913945672547e+01 1.211835759499782762e+04 7.171280876846579986e+02
3.388441561392027679e-01 1.172539083555622528e+04 6.085976643590036161e+01 1.166453106912032490e+04 6.850914318857760463e+02
3.467368504525316641e-01 1.128256969163436224e+04 5.660268582465957365e+01 1.122596700580970355e+04 6.561055053387098042e+02
3.548133892335756934e-01 1.085487458308836176e+04 5.262320435709082034e+01 1.080225137873127096e+04 6.284115977373716078e+02
3.630780547701014105e-01 1.044176877666788096e+04 4.879301344408850127e+01 1.039297576322379246e+04 6.005702755740959446e+02
3.715352290971727922e-01 1.004283049654687966e+04 4.509289467660133255e+01 9.997737601870278013e+03 5.723472903575317332e+02
3.801893963205612570e-01 9.657733334967728297e+03 4.159288957897756944e+01 9.616140445388749868e+03 5.446516399335481537e+02
3.890451449942805007e-01 9.286167537523830106e+03 3.837336787705410757e+01 9.247794169646775117e+03 5.186536542057409633e+02
3.981071705534973137e-01 8.927769128522038955e+03 3.545395889059484062e+01 8.892315169631443496e+03 4.948302549806311958e+02
4.073802778041126227e-01 8.582109559123759027e+03 3.278302789550391338e+01 8.549326531228254680e+03 4.726908620959774794e+02
4.168693834703355305e-01 8.248743759202017827e+03 3.028557752297987449e+01 8.218458181679037807e+03 4.513252742017327250e+02
4.265795188015925610e-01 7.927267240516175661e+03 2.792022091424378161e+01 7.899347019601931606e+03 4.302130559070562867e+02
4.365158322401661017e-01 7.617333060246368404e+03 2.569603478277149833e+01 7.591637025463596729e+03 4.095654079427365559e+02
4.466835921509630380e-01 7.318620823931521045e+03 2.364147053329068626e+01 7.294979353398230160e+03 3.899434840369651738e+02
4.570881896148751844e-01 7.030796012076640181e+03 2.176360680934010361e+01 7.009032405267300419e+03 3.716222765468198759e+02
4.677351412871981196e-01 6.753499957729657581e+03 2.003806987868113865e+01 6.733461887850976382e+03 3.543562687217391272e+02
4.786300923226385340e-01 6.486373492975807494e+03 1.843263892097117918e+01 6.467940854054836564e+03 3.377153236582090585e+02
4.897788193684461389e-01 6.229082866131824630e+03 1.693313712544226135e+01 6.212149729006382586e+03 3.215446554538246460e+02
5.011872336272724660e-01 5.981320179585227379e+03 1.554385768243141008e+01 5.965776321902795644e+03 3.060277649490929548e+02
5.128613839913648276e-01 5.742784295217357794e+03 1.426847075982691493e+01 5.728515824457530471e+03 2.913607517882469438e+02
5.248074602497728725e-01 5.513168305063505613e+03 1.309750828796320121e+01 5.500070796775542476e+03 2.774874037441953760e+02
5.370317963702526676e-01 5.292166448809713984e+03 1.201530734069428696e+01 5.280151141469019421e+03 2.642017859519434637e+02
5.495408738576248453e-01 5.079486841688828463e+03 1.101277488430131690e+01 5.068474066804526956e+03 2.514115043288759637e+02
5.623413251903490728e-01 4.874852629322099347e+03 1.008858967090536751e+01 4.864764039651194253e+03 2.391903088811735074e+02
5.754399373371572590e-01 4.677993298474703806e+03 9.240569498680224925e+00 4.668752728976023718e+03 2.275987180476242884e+02
5.888436553555890240e-01 4.488640336403940637e+03 8.461395794857493158e+00 4.480178940609082929e+03 2.165709945181648663e+02
6.025595860743581111e-01 4.306531793973558706e+03 7.743249997698689491e+00 4.298788543975860193e+03 2.060127517471253782e+02
6.165950018614821948e-01 4.131416497844929836e+03 7.082106375620271344e+00 4.124334391469309594e+03 1.959148127656610541e+02
6.309573444801935826e-01 3.963051801258634441e+03 6.475570151053046786e+00 3.956576231107581407e+03 1.863092825250432725e+02
6.456542290346556356e-01 3.801199987236192101e+03 5.919374138394879026e+00 3.795280613097797414e+03 1.771731119808389963e+02
6.606934480075964400e-01 3.645629216002273097e+03 5.408425102938731577e+00 3.640220790899334588e+03 1.684490542044017047e+02
6.760829753919819218e-01 3.496115914597796291e+03 4.939297243727923004e+00 3.491176617354068185e+03 1.601198651569587810e+02
6.918309709189363055e-01 3.352444006578901281e+03 4.509570154661189711e+00 3.347934436424240175e+03 1.521950394017862607e+02
7.079457843841380216e-01 3.214402984652805117e+03 4.116013600008800566e+00 3.210286971052796162e+03 1.446528379129235873e+02
7.244359600749898931e-01 3.081788438228889390e+03 3.755230594109739251e+00 3.078033207634779501e+03 1.374572562010618810e+02
7.413102413009177161e-01 2.954403116300684815e+03 3.424838737757204488e+00 2.950978277562927815e+03 1.306005019637342173e+02
7.585775750291835484e-01 2.832056056963239826e+03 3.122720677754217800e+00 2.828933336285485439e+03 1.240797790829060716e+02
7.762471166286919466e-01 2.714561746831580422e+03 2.846306542142944984e+00 2.711715440289437538e+03 1.178688399118673402e+02
7.943282347242813790e-01 2.601740838675653322e+03 2.593416277236956002e+00 2.599147422398416438e+03 1.119495225861577410e+02
8.128305161640995147e-01 2.493420157457071127e+03 2.362391706231720789e+00 2.491057765750839280e+03 1.063199555698369068e+02
8.317637711026708569e-01 2.389431817990750915e+03 2.151341189553384492e+00 2.387280476801197437e+03 1.009630079806372720e+02
8.511380382023767677e-01 2.289613441137013979e+03 1.958483472049536100e+00 2.287654957664964513e+03 9.585999451747291289e+01
8.709635899560804750e-01 2.193808356729721709e+03 1.782478623356202219e+00 2.192025878106365326e+03 9.100765637223084070e+01
8.912509381337458958e-01 2.101864915559493056e+03 1.621868112184421840e+00 2.100243047447308527e+03 8.639212591240574568e+01
9.120108393559096527e-01 2.013636562754207262e+03 1.475276098238206268e+00 2.012161286655968979e+03 8.199799926619853352e+01
9.332543007969914539e-01 1.928981938305753374e+03 1.341637451656910285e+00 1.927640300854096495e+03 7.782160936174861376e+01
9.549925860214358853e-01 1.847764339974795348e+03 1.219787510895067095e+00 1.846544552463900345e+03 7.384916795507825782e+01
9.772372209558111145e-01 1.769851843566572370e+03 1.108708369133704741e+00 1.768743135197438733e+03 7.007031408632748537e+01
1.000000000000000000e+00 1.695117188515022917e+03 1.007539440246226103e+00 1.694109649074776598e+03 6.647995713213856561e+01
1.023292992280753655e+00 1.623437437445085379e+03 9.153608042322421978e-01 1.622522076640853129e+03 6.306484311636893381e+01
1.047128548050900720e+00 1.554694099210403238e+03 8.314386746173785259e-01 1.553862660535785835e+03 5.981964151659543916e+01
1.071519305237607078e+00 1.488772829284916043e+03 7.550467262332423157e-01 1.488017782558682711e+03 5.673566559154269129e+01
1.096478196143185091e+00 1.425563357146586213e+03 6.855127955175867038e-01 1.424877844351068688e+03 5.380402790688492587e+01
1.122018454301962898e+00 1.364959417183662026e+03 6.222673705168275671e-01 1.364337149813145288e+03 5.101987271540571811e+01
1.148153621496884158e+00 1.306858515161203286e+03 5.647258077725827441e-01 1.306293789353430611e+03 4.837349281151408320e+01
1.174897554939530409e+00 1.251161941050231462e+03 5.124149894300822350e-01 1.250649526060801463e+03 4.586080307229212849e+01
1.202264434617413169e+00 1.197774532986971963e+03 4.648491102329921354e-01 1.197309683876738973e+03 4.347330566157729947e+01
1.230268770812381174e+00 1.146604663395976331e+03 4.216255605601996193e-01 1.146183037835416144e+03 4.120667402206344576e+01
1.258925411794166171e+00 1.097564050607898025e+03 3.823441785787076719e-01 1.097181706429319320e+03 3.905373814461126614e+01
1.288249551693134931e+00 1.050567710153346297e+03 3.466640042696066959e-01 1.050221046149076756e+03 3.701010784975795076e+01
1.318256738556407459e+00 1.005533801873081075e+03 3.142536354497687534e-01 1.005219548237631329e+03 3.506952382689578940e+01
1.348962882591653312e+00 9.623835652439498745e+02 2.848275531120366133e-01 9.620987376908378792e+02 3.322787452595485291e+01
1.380384264602883881e+00 9.210411840403970700e+02 2.581095110827724137e-01 9.207830745293142627e+02 3.147945764798112833e+01
1.412537544622755492e+00 8.814337198285892327e+02 2.338624692644497571e-01 8.811998573593248238e+02 2.982062714440650097e+01
1.445439770745927888e+00 8.434909851186035894e+02 2.118558843936159120e-01 8.432791292342100178e+02 2.824612283294204218e+01
1.479108388168207222e+00 8.071454776161782547e+02 1.918917943064585296e-01 8.069535858218717976e+02 2.675251535054179541e+01
1.513561248436207096e+00 7.723322668690225328e+02 1.737809905216126938e-01 7.721584858785008691e+02 2.533535826629275434e+01
1.548816618912482790e+00 7.389889197369959675e+02 1.573557133830015553e-01 7.388315640236129411e+02 2.399105729086685557e+01
1.584893192461114042e+00 7.070554082286964785e+02 1.424624217537643067e-01 7.069129458069427301e+02 2.271609752323133691e+01
1.621810097358929781e+00 6.764740241401875664e+02 1.289590866982539830e-01 6.763450650534892929e+02 2.150677433920081683e+01
1.659586907437559766e+00 6.471893032022924217e+02 1.167197330359937280e-01 6.470725834692564149e+02 2.036010156001693261e+01
1.698243652461745912e+00 6.191479397355402625e+02 1.056272488607372106e-01 6.190423124866795206e+02 1.927282531392708620e+01
1.737800828749376247e+00 5.922987127876140221e+02 9.557546195308570802e-02 5.922031373256609186e+02 1.824190127599107214e+01
1.778279410038922759e+00 5.665924123014442557e+02 8.646905820661938968e-02 5.665059432432376525e+02 1.726467216028608931e+01
1.819700858609982541e+00 5.419817640359706274e+02 7.822009350531666794e-02 5.419035439424652623e+02 1.633836659215068110e+01
1.862087136662869513e+00 5.184213608378834124e+02 7.074872910763507772e-02 5.183506121087757492e+02 1.546036067885957976e+01
1.905460717963248340e+00 4.958675950208967151e+02 6.398298077688691077e-02 4.958036120401198446e+02 1.462828176417703041e+01
1.949844599758045582e+00 4.742785916303671456e+02 5.785729494720560223e-02 4.742207343354199338e+02 1.383984714029771723e+01
1.995262314968878847e+00 4.536141442745824293e+02 5.231167017527098978e-02 4.535618326044071864e+02 1.309277821219380655e+01
2.041737944669531846e+00 4.338356540754089679e+02 4.729191487948863210e-02 4.337883621605294593e+02 1.238497778748908473e+01
2.089296130854040978e+00 4.149060694786667227e+02 4.274882107843742951e-02 4.148633206575883037e+02 1.171445203283052372e+01
2.137962089502232654e+00 3.967898284244696470e+02 3.863779470563984825e-02 3.967511906297639825e+02 1.107932844886959067e+01
2.187761623949551648e+00 3.794528021029187244e+02 3.491820889165571373e-02 3.794178838940270566e+02 1.047778545845511644e+01
2.238721138568342539e+00 3.628622409943839102e+02 3.155322113130929612e-02 3.628306877732525777e+02 9.908097458529672608e+00
2.290867652767774931e+00 3.469867224951843241e+02 2.850939719488826754e-02 3.469582130979894146e+02 9.368620929767908834e+00
2.344228815319922887e+00 3.317961003997668286e+02 2.575645531731182367e-02 3.317703439444495075e+02 8.857808762624340915e+00
2.398832919019489918e+00 3.172614559672028918e+02 2.326690102276060892e-02 3.172381890661801549e+02 8.374180665462139572e+00
2.454708915685028359e+00 3.033550507762530515e+02 2.101579951256768095e-02 3.033340349767404973e+02 7.916328342029307130e+00
2.511886431509582351e+00 2.900502812249550288e+02 1.898058417003028672e-02 2.900313006407849912e+02 7.482928798935715164e+00
2.570395782768864823e+00 2.773216344858892057e+02 1.714075482306702189e-02 2.773044937310661453e+02 7.072708375240385870e+00
2.630267991895381297e+00 2.651446461545935449e+02 1.547774550992918156e-02 2.651291684090836043e+02 6.684462186063068856e+00
2.691534803926913799e+00 2.534958593264403817e+02 1.397473901448605116e-02 2.534818845874258955e+02 6.317048637187981264e+00
2.754228703338168938e+00 2.423527851158949886e+02 1.261648370166804090e-02 2.423401686321933255e+02 5.969376724167383408e+00
2.818382931264455049e+00 2.316938646426015680e+02 1.138917826075209333e-02 2.316824754643408255e+02 5.640417025424180331e+00
2.884031503126605500e+00 2.214984323343861377e+02 1.028031513590682740e-02 2.214881520192502364e+02 5.329188596901066610e+00
2.951209226666383856e+00 2.117466805965411822e+02 9.278572125752022198e-03 2.117374020244154167e+02 5.034762379495922424e+00
3.019951720402019202e+00 2.024196257517978950e+02 8.373696123720656900e-03 2.024112520556741686e+02 4.756255769952852042e+00
3.090295432513591845e+00 1.934990752423748575e+02 7.556409298199965631e-03 1.934915188330766682e+02 4.492833736097402664e+00
3.162277660168379523e+00 1.849675960134051138e+02 6.818295287585228459e-03 1.849607777181175265e+02 4.243692880734046824e+00
3.235936569296280929e+00 1.768084841288994085e+02 6.151754118460838958e-03 1.768023323747809457e+02 4.008081000910969749e+00
3.311311214825914284e+00 1.690057354610426614e+02 5.549903504893044168e-03 1.690001855575377760e+02 3.785281447443910707e+00
3.388441561392027346e+00 1.615440175169364352e+02 5.006526740014095866e-03 1.615390109901964308e+02 3.574621715883558259e+00
3.467368504525316641e+00 1.544086422750923759e+02 4.515974846236745464e-03 1.544041263002461335e+02 3.375446298249408894e+00
3.548133892335753270e+00 1.475855401349414535e+02 4.073160807076432743e-03 1.475814669741343721e+02 3.187149834493685052e+00
3.630780547701017547e+00 1.410612347762718457e+02 3.673476600023645091e-03 1.410575612996718178e+02 3.009153266393165715e+00
3.715352290971727811e+00 1.348228190133556552e+02 3.312750773943681001e-03 1.348195062625817116e+02 2.840903968292870285e+00
3.801893963205612792e+00 1.288579315825210756e+02 2.987217540389896370e-03 1.288549443649806960e+02 2.681883103243984490e+00
3.890451449942804896e+00 1.231547348020232420e+02 2.693467609296350089e-03 1.231520413344139513e+02 2.531594840495627885e+00
3.981071705534977578e+00 1.177018931132512449e+02 2.428420412396525060e-03 1.176994646928388448e+02 2.389570391437493946e+00
4.073802778041129891e+00 1.124885524478337970e+02 2.189292053401222481e-03 1.124863631557803956e+02 2.255366056703516531e+00
4.168693834703354639e+00 1.075043203977474775e+02 1.973565087867699269e-03 1.075023468326596117e+02 2.128559930873593409e+00
4.265795188015925277e+00 1.027392471677221408e+02 1.778967607073579345e-03 1.027374682001150603e+02 2.008755579952124837e+00
4.365158322401656577e+00 9.818380726298687478e+01 1.603442081451631092e-03 9.818220382090542842e+01 1.895572243459463957e+00
4.466835921509634488e+00 9.382888191489800533e+01 1.445133119517616428e-03 9.382743678177848778e+01 1.788653243586582064e+00
4.570881896148751622e+00 8.966574218827034315e+01 1.302363811857031864e-03 8.966443982445848349e+01 1.687659939814500021e+00
4.677351412871980862e+00 8.568603276256366996e+01 1.173617896106538645e-03 8.568485914466756981e+01 1.592269633895529113e+00
4.786300923226380455e+00 8.188175636198774043e+01 1.057527132174592831e-03 8.188069883485556488e+01 1.502178324258184539e+00
4.897788193684466052e+00 7.824525880274137535e+01 9.528556923290406244e-04 7.824430594704904252e+01 1.417097974297812257e+00
5.011872336272724660e+00 7.476921463978126781e+01 8.584868202643858130e-04 7.476835615296100457e+01 1.336754692188052207e+00
5.128613839913648498e+00 7.144661339255553401e+01 7.734133368208753658e-04 7.144583997921871799e+01 1.260890974883731808e+00
5.248074602497722729e+00 6.827074632146860722e+01 6.967251944520158309e-04 6.827004959627414848e+01 1.189261974246615061e+00
5.370317963702532893e+00 6.523519374103501889e+01 6.276007908666978363e-04 6.523456614024415501e+01 1.121635836089642568e+00
5.495408738576248453e+00 6.233381284623160923e+01 5.652986231485868703e-04 6.233324754760845821e+01 1.057793362067306120e+00
5.623413251903491172e+00 5.956072603247550745e+01 5.091491299513601927e-04 5.956021688334555364e+01 9.975265732756792847e-01
5.754399373371566817e+00 5.691030969211126234e+01 4.585483686246657597e-04 5.690985114374263532e+01 9.406393218180523208e-01
5.888436553555895792e+00 5.437718346696528471e+01 4.129512307246343823e-04 5.437677051573456311e+01 8.869458678609254410e-01
6.025595860743581333e+00 5.195619994080988846e+01 3.718655594494708308e-04 5.195582807525043734e+01 8.362698911090804543e-01
6.165950018614822170e+00 4.964243475518178172e+01 3.348475450558885402e-04 4.964209990763672664e+01 7.884451311955188446e-01
6.309573444801929831e+00 4.743117713045604233e+01 3.014966353976691600e-04 4.743087563382064786e+01 7.433139848601608701e-01
6.456542290346562574e+00 4.531792077780900030e+01 2.714513728218716010e-04 4.531764932643617527e+01 7.007270856615017696e-01
6.606934480075964622e+00 4.329835518691825769e+01 2.443862233888050408e-04 4.329811080069487161e+01 6.605445183946369037e-01
6.760829753919819218e+00 4.136835727232472237e+01 2.200070076540873345e-04 4.136813726531706692e+01 6.226325376225074759e-01
6.918309709189363055e+00 3.952398336772528609e+01 1.980483585299994294e-04 3.952378531936675898e+01 5.868644770868943761e-01
7.079457843841387543e+00 3.776146155283394279e+01 1.782714966497340081e-04 3.776128328133729184e+01 5.531221544400592993e-01
7.244359600749906036e+00 3.607718429773889568e+01 1.604604087962719988e-04 3.607702383733010265e+01 5.212917341370938429e-01
7.413102413009177383e+00 3.446770141664139686e+01 1.444209959160717819e-04 3.446755699564548081e+01 4.912677538155215129e-01
7.585775750291835706e+00 3.292971331335969154e+01 1.299777880802798868e-04 3.292958333557161410e+01 4.629490194017762961e-01
7.762471166286911917e+00 3.146006451122635283e+01 1.169726226216771201e-04 3.145994753860373194e+01 4.362399466589479413e-01
7.943282347242821118e+00 3.005573745385975926e+01 1.052630959899496840e-04 3.005563219076377024e+01 4.110508470383483215e-01
8.128305161640994925e+00 2.871384656586030815e+01 9.472074802349163269e-05 2.871375184511228440e+01 3.872966237686504276e-01
8.317637711026709013e+00 2.743163256375424552e+01 8.522980297259844006e-05 2.743154733395127209e+01 3.648969188443741962e-01
8.511380382023759239e+00 2.620645700645729903e+01 7.668584192724331059e-05 2.620638032061537004e+01 3.437754945064819267e-01
8.709635899560813854e+00 2.503579707598157000e+01 6.899485434638816055e-05 2.503572808112722470e+01 3.238607333954274248e-01
8.912509381337459402e+00 2.391724057838039386e+01 6.207201459083655287e-05 2.391717850636580422e+01 3.050844810487065017e-01
9.120108393559096527e+00 2.284848115677785430e+01 5.584102683029300865e-05 2.284842531575102242e+01 2.873830389615852909e-01
9.332543007969904991e+00 2.182731370681349148e+01 5.023301749764632875e-05 2.182726347379599474e+01 2.706956081034807560e-01
9.549925860214369067e+00 2.085162998718685046e+01 4.518597703251094169e-05 2.085158480120981750e+01 2.549649813504497042e-01
9.772372209558112033e+00 1.991941441658732614e+01 4.064403065137855628e-05 1.991937377255667485e+01 2.401370784367692079e-01
1.000000000000000000e+01 1.902874004964190746e+01 3.655685504249804769e-05 1.902870349278686390e+01 2.261608986077267569e-01
1.023292992280753566e+01 1.817776472435987500e+01 3.287910237065125730e-05 1.817773184525750452e+01 2.129881825293143127e-01
1.047128548050900676e+01 1.736472737410928957e+01 2.956996189911171070e-05 1.736469780414739006e+01 2.005736011476770553e-01
1.071519305237607078e+01 1.658794449705185770e+01 2.659260008465781937e-05 1.658791790445177128e+01 1.888738468198583875e-01
1.096478196143185180e+01 1.584580677692857975e+01 2.391391881674780000e-05 1.584578286300976302e+01 1.778485501753473974e-01
1.122018454301962898e+01 1.513677584833537004e+01 2.150405652553481176e-05 1.513675434427884525e+01 1.674592113880257194e-01
1.148153621496884114e+01 1.445938120099393487e+01 1.933617489388220591e-05 1.445936186481904073e+01 1.576698941442734037e-01
1.174897554939530231e+01 1.381221721672964975e+01 1.738603862812228615e-05 1.381219983069102142e+01 1.484461306914109102e-01
1.202264434617413080e+01 1.319394033409509781e+01 1.563189175319409108e-05 1.319392470220334523e+01 1.397559351696393837e-01
1.230268770812381085e+01 1.260326633475867020e+01 1.405408919936999684e-05 1.260325228066947112e+01 1.315686247927621566e-01
1.258925411794168703e+01 1.203896774704416472e+01 1.263499658626560184e-05 1.203895511204757796e+01 1.238557221078843557e-01
1.288249551693134975e+01 1.149987136123346509e+01 1.135868792556972147e-05 1.149986000254553886e+01 1.165898711106392593e-01
1.318256738556407370e+01 1.098485585233662221e+01 1.021086612429616367e-05 1.098484564147049802e+01 1.097456506022947420e-01
1.348962882591653312e+01 1.049284950544035588e+01 9.178644027494376950e-06 1.049284032679632794e+01 1.032989006198017784e-01
1.380384264602883881e+01 1.002282803951632850e+01 8.250411634554832293e-06 1.002281978910469462e+01 9.722670479964350132e-02
1.412537544622755448e+01 9.573812525467985779e+00 7.415734127416536731e-06 9.573805109733857677e+00 9.150760796878690262e-02
1.445439770745928065e+01 9.144867394369398994e+00 6.665229704540259967e-06 9.144860729139693944e+00 8.612150008515444266e-02
1.479108388168207178e+01 8.735098532063561905e+00 5.990426903057213829e-06 8.735092541636658936e+00 8.104905339413517873e-02
1.513561248436207229e+01 8.343651456568489166e+00 5.383723203774972686e-06 8.343646072845285033e+00 7.627230812221215406e-02
1.548816618912482745e+01 7.969709574591365531e+00 4.838268442758585336e-06 7.969704736322922756e+00 7.177420471202489161e-02
1.584893192461114175e+01 7.612492513900790847e+00 4.347899942447543745e-06 7.612488166000848544e+00 6.753866781718455281e-02
1.621810097358929781e+01 7.271254528264409878e+00 3.907074301347743543e-06 7.271250621190108454e+00 6.355056065453155989e-02
1.659586907437559589e+01 6.945282971858476095e+00 3.510805141216131712e-06 6.945279461053335268e+00 5.979562976934352236e-02
1.698243652461745867e+01 6.633896840169363429e+00 3.154600989394414465e-06 6.633893685568374110e+00 5.626034373233682051e-02
1.737800828749376336e+01 6.336445374561403554e+00 2.834427843222561097e-06 6.336442540133560009e+00 5.293205971459957748e-02
1.778279410038922848e+01 6.052306727734689140e+00 2.546651294894926982e-06 6.052304181083393964e+00 4.979875875177229572e-02
1.819700858609982674e+01 5.780886687502599486e+00 2.288004778053185749e-06 5.780884399497821846e+00 4.684915971193315265e-02
1.862087136662869469e+01 5.521617456346830544e+00 2.055549145101795495e-06 5.521615400797685425e+00 4.407261031543870805e-02
1.905460717963248385e+01 5.273956484364525465e+00 1.846640240868846687e-06 5.273954637724284744e+00 4.145905635917300491e-02
1.949844599758045405e+01 5.037385353303475810e+00 1.658901661789629844e-06 5.037383694401814438e+00 3.899906001176739467e-02
1.995262314968878670e+01 4.811408709473060874e+00 1.490194328928100044e-06 4.811407219278732050e+00 3.668368418703338296e-02
2.041737944669531757e+01 4.595553243430761547e+00 1.338594137386592398e-06 4.595551904836623791e+00 3.450449345930925449e-02
2.089296130854040712e+01 4.389366714417667126e+00 1.202372895334305646e-06 4.389365512044771656e+00 3.245359122748744246e-02
2.137962089502232388e+01 4.192417017598901730e+00 1.079975249385365194e-06 4.192415937623652056e+00 3.052350311248348477e-02
2.187761623949552003e+01 4.004291292265649282e+00 9.700022330766829292e-07 4.004290322263416080e+00 2.870717327180426909e-02
2.238721138568342184e+01 3.824595069218540644e+00 8.711971693356479425e-07 3.824594198021371128e+00 2.699798835197214295e-02
2.290867652767774842e+01 3.652951455626779254e+00 7.824282705025314889e-07 3.652950673198508635e+00 2.538965858042524504e-02
2.344228815319922532e+01 3.489000355746894932e+00 7.026799056411619227e-07 3.488999653066989115e+00 2.387631810321620696e-02
2.398832919019490006e+01 3.332397725928426535e+00 6.310379535350778106e-07 3.332397094890473088e+00 2.245240721437621184e-02
2.454708915685028714e+01 3.182814862425690450e+00 5.666804870112152017e-07 3.182814295745203470e+00 2.111268187016737338e-02
2.511886431509581996e+01 3.039937720583214098e+00 5.088695445585531827e-07 3.039937211713669374e+00 1.985223570700811457e-02
2.570395782768864734e+01 2.903466264024704202e+00 4.569407400450997912e-07 2.903465807083964290e+00 1.866640827887388124e-02
2.630267991895381385e+01 2.773113842543027729e+00 4.102969135110851617e-07 2.773113432246114396e+00 1.755080900545142111e-02
2.691534803926914066e+01 2.648606597435775534e+00 3.684024522951757793e-07 2.648606229033323434e+00 1.650135100179802791e-02
2.754228703338169026e+01 2.529682893084009176e+00 3.307747021467995976e-07 2.529682562309306881e+00 1.551413128222250450e-02
2.818382931264455138e+01 2.416092773635226454e+00 2.969803333140011421e-07 2.416092476654893240e+00 1.458549364595606614e-02
2.884031503126605855e+01 2.307597443686110417e+00 2.666301302121340492e-07 2.307597177055979998e+00 1.371200654115681608e-02
2.951209226666383856e+01 2.203968771916516189e+00 2.393737857339096036e-07 2.203968532542730507e+00 1.289041189006910615e-02
3.019951720402019291e+01 2.104988816671575336e+00 2.148968182051320801e-07 2.104988601774757218e+00 1.211765775246872318e-02
3.090295432513591933e+01 2.010449372527177925e+00 1.929164617389206362e-07 2.010449179610716008e+00 1.139086076628733485e-02
3.162277660168379256e+01 1.920151536921067770e+00 1.731789653696723864e-07 1.920151363742102379e+00 1.070732584856589828e-02
3.235936569296281107e+01 1.833905295967022120e+00 1.554559520534695607e-07 1.833905140511070009e+00 1.006449338867520561e-02
3.311311214825914817e+01 1.751529128612281605e+00 1.395423051496262403e-07 1.751528989069976561e+00 9.459957853470628980e-03
3.388441561392027523e+01 1.672849628330938421e+00 1.252538646177128065e-07 1.672849503077073807e+00 8.891463378985938609e-03
3.467368504525316553e+01 1.597701141582507312e+00 1.124250539107085527e-07 1.597701029157453378e+00 8.356878132780453175e-03
3.548133892335753359e+01 1.525925422299291512e+00 1.009071114061183479e-07 1.525925321392180178e+00 7.854194376829541635e-03
3.630780547701017724e+01 1.457371301696652965e+00 9.056641860331777138e-08 1.457371211130234379e+00 7.381523738895008624e-03
3.715352290971728166e+01 1.391894372731830698e+00 8.128304114259324914e-08 1.391894291448789511e+00 6.937097098276316480e-03
3.801893963205612437e+01 1.329356688565580757e+00 7.294902258646568161e-08 1.329356615616558157e+00 6.519230763927277329e-03
3.890451449942804629e+01 1.269626474410788131e+00 6.546757123787416167e-08 1.269626408943216989e+00 6.126355533001253371e-03
3.981071705534977667e+01 1.212577852176338400e+00 5.875168930942261039e-08 1.212577793424649109e+00 5.756989763523971161e-03
4.073802778041130068e+01 1.158090577342834049e+00 5.272320857669336436e-08 1.158090524619625583e+00 5.409736370433144287e-03
4.168693834703355350e+01 1.106049787530010375e+00 4.731194054519058711e-08 1.106049740218069788e+00 5.083282410710179139e-03
4.265795188015925277e+01 1.056345762239609520e+00 4.245482283112381049e-08 1.056345719784786752e+00 4.776389701251137695e-03
4.365158322401656221e+01 1.008873693280250672e+00 3.809528422296829686e-08 1.008873655184966411e+00 4.487900461640915994e-03
4.466835921509634488e+01 9.635334654018727907e-01 3.418243436635208680e-08 9.635334312194384632e-01 4.216715462692303962e-03
4.570881896148751622e+01 9.202294466889762159e-01 3.067063901379332064e-08 9.202294160183371874e-01 3.961808445523266539e-03
4.677351412871981040e+01 8.788702882803917094e-01 2.751886040895596882e-08 8.788702607615312967e-01 3.722206515185384409e-03
4.786300923226380633e+01 8.393687330034963479e-01 2.469028248027180240e-08 8.393687083132138627e-01 3.496998753113864968e-03
4.897788193684466052e+01 8.016414325278681252e-01 2.215183043045506727e-08 8.016414103760376442e-01 3.285325942787151263e-03
5.011872336272725192e+01 7.656087726613917122e-01 1.987382198951409871e-08 7.656087527875696797e-01 3.086382105275176525e-03
5.128613839913648320e+01 7.311947064279576969e-01 1.782959804716701883e-08 7.311946885983596767e-01 2.899407953162823088e-03
5.248074602497722907e+01 6.983265945820400500e-01 1.599521625089344000e-08 6.983265785868237874e-01 2.723688201310605923e-03
5.370317963702532893e+01 6.669350532304256784e-01 1.434917260397090244e-08 6.669350388812530506e-01 2.558548511419660859e-03
5.495408738576248453e+01 6.369538082459887951e-01 1.287219016372935318e-08 6.369537953737985925e-01 2.403359770747089726e-03
5.623413251903490817e+01 6.083195561720262656e-01 1.154692539736883953e-08 6.083195446251008498e-01 2.257523421986172563e-03
5.754399373371566639e+01 5.809718313294298664e-01 1.035783396000077906e-08 5.809718209715959425e-01 2.120481237107980834e-03
5.888436553555895614e+01 5.548528788510753706e-01 9.290952768099271911e-09 5.548528695601225857e-01 1.991706516940138904e-03
6.025595860743580801e+01 5.299075333804107446e-01 8.333752347300372011e-09 5.299075250466583897e-01 1.870704984360893521e-03
6.165950018614822170e+01 5.060831031825446802e-01 7.474974189334067637e-09 5.060830957075704850e-01 1.757009251311875521e-03
6.309573444801930009e+01 4.833292594274544718e-01 6.704522649611173353e-09 4.833292527229318125e-01 1.650182082482941955e-03
6.456542290346563107e+01 4.615979304153348117e-01 6.013327946170708930e-09 4.615979244020068650e-01 1.549810375970528138e-03
6.606934480075963734e+01 4.408432005244694030e-01 5.393261916437086930e-09 4.408431951312075103e-01 1.455508919170212922e-03
6.760829753919819041e+01 4.210212136714956421e-01 4.837010919144915682e-09 4.210212088344847392e-01 1.366910645915402804e-03
6.918309709189362877e+01 4.020900810834931449e-01 4.338021223736003768e-09 4.020900767454719249e-01 1.283673107536012362e-03
7.079457843841387898e+01 3.840097931899094652e-01 3.890413632810887365e-09 3.840097892994958073e-01 1.205475183634231425e-03
7.244359600749905326e+01 3.667421354510276288e-01 3.488908118621531221e-09 3.667421319621195219e-01 1.132013916289925301e-03
7.413102413009177383e+01 3.502506079477124001e-01 3.128763346823605449e-09 3.502506048189490406e-01 1.063003509230813414e-03
7.585775750291836061e+01 3.345003485649726271e-01 2.805726774982905686e-09 3.345003457592458651e-01 9.981759927148181350e-04
7.762471166286911739e+01 3.194580596092396751e-01 2.515983077381170893e-09 3.194580570932565866e-01 9.372797430731567804e-04
7.943282347242821118e+01 3.050919377064034710e-01 2.256109102777964596e-09 3.050919354502943937e-01 8.800784663244901572e-04
8.128305161640994925e+01 2.913716068344094356e-01 2.023027613938561029e-09 2.913716048113818013e-01 8.263478462894264034e-04
8.317637711026708303e+01 2.782680543507140003e-01 1.813984229014040621e-09 2.782680525367297597e-01 7.758797132498383578e-04
8.511380382023759239e+01 2.657535698810609692e-01 1.626503708699765654e-09 2.657535682545572597e-01 7.284768541674695392e-04
8.709635899560814210e+01 2.538016869420166022e-01 1.458367499933935183e-09 2.538016854836491198e-01 6.839549476778204046e-04
8.912509381337459047e+01 2.423871271753150758e-01 1.307580992017570248e-09 2.423871258677340879e-01 6.421388464831333676e-04
9.120108393559097237e+01 2.314857470775144310e-01 1.172358685030032351e-09 2.314857459051557487e-01 6.028658513173639974e-04
9.332543007969904636e+01 2.210744871136154088e-01 1.051096375543151918e-09 2.210744860625190322e-01 5.659819221809187732e-04
9.549925860214368356e+01 2.111313231082594943e-01 9.423553876868669440e-10 2.111313221659041062e-01 5.313425408008349638e-04
9.772372209558110967e+01 2.016352198128437412e-01 8.448458180810127624e-10 2.016352189679979368e-01 4.988123353720897530e-04
1.000000000000000000e+02 1.925660865513905140e-01 7.574090138905458953e-10 1.925660857939814896e-01 4.682632313967684040e-04
1.023292992280753566e+02 1.839047348523776826e-01 6.790062238005873378e-10 1.839047341733714702e-01 4.395752300244703831e-04
1.047128548050900605e+02 1.756328379778098747e-01 6.087062403239188209e-10 1.756328373691036226e-01 4.126359720855092106e-04
1.071519305237606972e+02 1.677328922647930987e-01 5.456727773702522282e-10 1.677328917191203139e-01 3.873392431865804101e-04
1.096478196143185073e+02 1.601881801986287379e-01 4.891563237047049141e-10 1.601881797094724114e-01 3.635856794709090446e-04
1.122018454301963004e+02 1.529827351400633306e-01 4.384837596792815198e-10 1.529827347015795813e-01 3.412813063356994023e-04
1.148153621496884114e+02 1.461013076327578042e-01 3.930519637421713432e-10 1.461013072397058521e-01 3.203382904971700828e-04
1.174897554939530266e+02 1.395293332203499381e-01 3.523201639277577634e-10 1.395293328680297651e-01 3.006742821803661111e-04
1.202264434617413116e+02 1.332529017056080511e-01 3.158027077820158044e-10 1.332529013898053338e-01 2.822113899028533702e-04
1.230268770812381121e+02 1.272587277872134492e-01 2.830642677240255717e-10 1.272587275041491828e-01 2.648766331405670365e-04
1.258925411794168809e+02 1.215341230125499133e-01 2.537144932821885537e-10 1.215341227588354195e-01 2.486015242606077862e-04
1.288249551693134833e+02 1.160669689876480254e-01 2.274032718399366609e-10 1.160669687602447486e-01 2.333217023167776080e-04
1.318256738556407299e+02 1.108456917880397130e-01 2.038162867688267316e-10 1.108456915842234297e-01 2.189763605192687746e-04
1.348962882591653170e+02 1.058592375168071059e-01 1.826721984561696253e-10 1.058592373341349091e-01 2.055089442052791197e-04
1.380384264602886617e+02 1.010970489584823301e-01 1.637182444768825466e-10 1.010970487947640828e-01 1.928658250429395840e-04
1.412537544622755377e+02 9.654904327976725209e-02 1.467280789214831919e-10 9.654904313303917796e-02 1.809969942473654543e-04
1.445439770745927888e+02 9.220559073021046548e-02 1.314984189405051993e-10 9.220559059871204222e-02 1.698551020375763110e-04
1.479108388168207284e+02 8.805749429809080209e-02 1.178472172070336928e-10 8.805749418024358399e-02 1.593959689948714579e-04
1.513561248436207052e+02 8.409597027873755293e-02 1.056111053018351770e-10 8.409597017312644973e-02 1.495779339600407289e-04
1.548816618912482852e+02 8.031262971443493826e-02 9.464355343344469425e-11 8.031262961979138137e-02 1.403617979688461719e-04
1.584893192461114211e+02 7.669946066688601571e-02 8.481336088648858683e-11 7.669946058207265105e-02 1.317110170915742901e-04
1.621810097358929852e+02 7.324881128494263594e-02 7.600270676190954241e-11 7.324881120893993180e-02 1.235909974805415520e-04
1.659586907437559660e+02 6.995337363199036207e-02 6.810601811590043726e-11 6.995337356388434125e-02 1.159693485174697128e-04
1.698243652461746080e+02 6.680616823895391132e-02 6.102862892023021569e-11 6.680616817792528472e-02 1.088156331185935157e-04
1.737800828749376194e+02 6.380052935041943818e-02 5.468566584844789049e-11 6.380052929573376552e-02 1.021012687759122021e-04
1.778279410038922776e+02 6.093009083281474697e-02 4.900099536169573919e-11 6.093009078381374927e-02 9.579933468575363464e-05
1.819700858609982674e+02 5.818877271498712478e-02 4.390646752155241037e-11 5.818877267108065604e-02 8.988475663936294888e-05
1.862087136662869398e+02 5.557076833283453726e-02 3.934085607327030779e-11 5.557076829349368030e-02 8.433373128893884908e-05
1.905460717963248385e+02 5.307053205092033404e-02 3.524936961402166685e-11 5.307053201567096118e-02 7.912410788424802696e-05
1.949844599758045547e+02 5.068276753520705585e-02 3.158279121984542448e-11 5.068276750362426392e-02 7.423486874065368180e-05
1.995262314968878741e+02 4.840241655220868522e-02 2.829709684212243718e-11 4.840241652391159138e-02 6.964649771100340971e-05
2.041737944669531544e+02 4.622464827095844331e-02 2.535276738627323797e-11 4.622464824560567481e-02 6.534054306721383287e-05
2.089296130854040712e+02 4.414484904525087933e-02 2.271437790983976776e-11 4.414484902253650034e-02 6.129967662676595239e-05
2.137962089502232459e+02 4.215861265462059193e-02 2.035020076737864532e-11 4.215861263427039124e-02 5.750770079217229529e-05
2.187761623949551790e+02 4.026173098349064561e-02 1.823175981397429813e-11 4.026173096525888923e-02 5.394930674729025565e-05
2.238721138568342326e+02 3.845018511883754181e-02 1.633356585531508969e-11 3.845018510250397537e-02 5.061022382265906085e-05
2.290867652767774700e+02 3.672013684760423724e-02 1.463273744292786168e-11 3.672013683297149778e-02 4.747694918477056105e-05
2.344228815319922603e+02 3.506792053592850539e-02 1.310878696246173259e-11 3.506792052281972050e-02 4.453687126288426233e-05
2.398832919019489793e+02 3.349003537306362993e-02 1.174334831695766327e-11 3.349003536132028058e-02 4.177814159239126650e-05
2.454708915685033617e+02 3.198313796362749206e-02 1.051995136004979429e-11 3.198313795310753910e-02 3.918960479050917077e-05
2.511886431509582280e+02 3.054403525255542512e-02 9.423838542771059339e-12 3.054403524313158494e-02 3.676080109435002916e-05
2.570395782768864592e+02 2.916967776782705343e-02 8.441792348702301710e-12 2.916967775938526103e-02 3.448194656601373959e-05
2.630267991895381670e+02 2.785715316671093580e-02 7.561960915972541312e-12 2.785715315914897433e-02 3.234383537457958825e-05
2.691534803926913924e+02 2.660368007190556244e-02 6.773704208196347409e-12 2.660368006513185932e-02 3.033774513579547407e-05
2.754228703338168884e+02 2.540660218456781277e-02 6.067518875383579701e-12 2.540660217850029476e-02 2.845562889512468857e-05
2.818382931264454783e+02 2.426338266180271680e-02 5.434861837080750270e-12 2.426338265636785591e-02 2.668981374486828386e-05
2.884031503126605571e+02 2.317159874674338746e-02 4.868092328792175429e-12 2.317159874187529542e-02 2.503316863219242388e-05
2.951209226666384211e+02 2.212893663988594467e-02 4.360352840302027995e-12 2.212893663552559231e-02 2.347894813487917627e-05
3.019951720402019077e+02 2.113318660084792175e-02 3.905508668055951669e-12 2.113318659694241389e-02 2.202087610892194421e-05
3.090295432513592004e+02 2.018223827020769467e-02 3.498052213602067198e-12 2.018223826670964213e-02 2.065300550398246296e-05
3.162277660168379612e+02 1.927407620150227430e-02 3.091806110066746555e-12 1.927407619841046971e-02 1.911477588601506058e-05
3.235936569296280823e+02 1.840677559419909640e-02 2.768615820016729547e-12 1.840677559143048120e-02 1.792336884933285618e-05
3.311311214825914249e+02 1.757849821798846551e-02 2.479171758517700939e-12 1.757849821550929240e-02 1.680596867132415196e-05
3.388441561392027666e+02 1.678748852065245142e-02 2.219954360945738273e-12 1.678748851843249804e-02 1.575799533999853736e-05
3.467368504525316553e+02 1.603206991062642445e-02 1.987810688780352583e-12 1.603206990863861522e-02 1.477515112669510865e-05
3.548133892335753217e+02 1.531064120666795515e-02 1.779916287870381257e-12 1.531064120488803866e-02 1.385340326625314002e-05
3.630780547701017440e+02 1.462167324708425233e-02 1.593741009385517987e-12 1.462167324549051156e-02 1.298896769455084880e-05
3.715352290971727598e+02 1.396370565135289336e-02 1.427018382343817504e-12 1.396370564992587514e-02 1.217829377922138596e-05
3.801893963205612863e+02 1.333534372729064388e-02 1.277718169191298519e-12 1.333534372601292636e-02 1.141804998322579139e-05
3.890451449942804629e+02 1.273525551723436906e-02 1.144021774092211506e-12 1.273525551609034669e-02 1.070511040460573724e-05
3.981071705534977241e+02 1.216216897698887099e-02 1.024300207820099375e-12 1.216216897596457056e-02 1.003654213915847651e-05
4.073802778041130068e+02 1.161486928157892846e-02 9.170943438307863908e-13 1.161486928066183394e-02 9.409593415996282714e-06
4.168693834703354923e+02 1.109219625210832935e-02 8.210972276124625754e-13 1.109219625128723269e-02 8.821682458974155084e-06
4.265795188015925419e+02 1.059304189828643578e-02 7.351382260752141534e-13 1.059304189755129813e-02 8.270387029815302993e-06
4.365158322401665600e+02 1.011634807142527265e-02 6.581688258550214600e-13 1.011634807076710468e-02 7.753434611433123987e-06
4.466835921509634773e+02 9.661104222944543254e-03 5.892499092310426910e-13 9.661104222355294119e-03 7.268693192461816172e-06
4.570881896148752048e+02 9.226345263643595182e-03 5.275403541252819828e-13 9.226345263116055365e-03 6.814162616366626180e-06
4.677351412871981324e+02 8.811149519213700571e-03 4.722868205838504124e-13 8.811149518741413431e-03 6.387966460725108023e-06
4.786300923226380064e+02 8.414636777665698841e-03 4.228146004182564476e-13 8.414636777242884280e-03 5.988344414353926236e-06
4.897788193684466478e+02 8.035966424543244599e-03 3.785194194852019598e-13 8.035966424164724467e-03 5.613645121916462982e-06
5.011872336272724624e+02 7.674335661976949829e-03 3.388600935566269788e-13 7.674335661638089813e-03 5.262319467487769845e-06
5.128613839913648462e+02 7.328977807811509065e-03 3.033519490156878167e-13 7.328977807508157104e-03 4.932914270283221681e-06
5.248074602497722481e+02 6.999160671208056947e-03 2.715609288323049930e-13 6.999160670936496395e-03 4.624066367384710490e-06
5.370317963702532325e+02 6.684185001284342030e-03 2.430983125337473730e-13 6.684185001041243954e-03 4.334497059825183932e-06
5.495408738576247742e+02 6.383383005510772680e-03 2.176159862909110394e-13 6.383383005293156824e-03 4.063006899828974666e-06
5.623413251903490391e+02 6.096116934726684457e-03 1.948022058778323878e-13 6.096116934531881949e-03 3.808470798354039647e-06
5.754399373371566071e+02 5.821777731783282610e-03 1.743778012104324920e-13 5.821777731608904737e-03 3.569833433350781487e-06
5.888436553555895898e+02 5.559783740952933123e-03 1.560927765015244666e-13 5.559783740796840103e-03 3.346104940342406880e-06
6.025595860743580943e+02 5.309579475373904338e-03 1.397232648469994010e-13 5.309579475234181035e-03 3.136356868051607152e-06
6.165950018614821602e+02 5.070634439921493410e-03 1.250688003399313017e-13 5.070634439796424184e-03 2.939718382849203439e-06
6.309573444801930009e+02 4.842442007014566632e-03 1.119498746467111767e-13 4.842442006902617120e-03 2.755372706789066040e-06
6.456542290346562822e+02 4.624518342977699398e-03 1.002057484181171610e-13 4.624518342877493964e-03 2.582553774920793721e-06
6.606934480075964302e+02 4.416401382686442785e-03 8.969249098997029029e-14 4.416401382596750642e-03 2.420543098444213945e-06
6.760829753919819041e+02 4.217649850324943668e-03 8.028122458958956053e-14 4.217649850244662400e-03 2.268666821088234371e-06
6.918309709189362593e+02 4.027842324183318438e-03 7.185655173898003614e-14 4.027842324111461855e-03 2.126292956866611418e-06
7.079457843841387330e+02 3.846576343514564438e-03 6.431514676319378269e-14 3.846576343450249132e-03 1.992828798085348170e-06
7.244359600749905894e+02 3.673467555560348298e-03 5.756449429941561020e-14 3.673467555502783668e-03 1.867718483155811447e-06
7.413102413009177099e+02 3.508148900939469725e-03 5.152175948284040071e-14 3.508148900887948004e-03 1.750440714405015678e-06
7.585775750291835493e+02 3.350269835674537285e-03 4.611277608086591425e-14 3.350269835628424432e-03 1.640506616673914948e-06
7.762471166286927655e+02 3.199495588209286950e-03 4.127114027664847108e-14 3.199495588168015710e-03 1.537457728056819679e-06
7.943282347242821970e+02 3.055506449843523042e-03 3.693739908396368488e-14 3.055506449806585575e-03 1.440864114663758199e-06
8.128305161640995493e+02 2.917997097082855942e-03 3.305832352295918655e-14 2.917997097049797751e-03 1.350322601783662967e-06
8.317637711026708303e+02 2.786675944468517026e-03 2.958625771466887967e-14 2.786675944438930883e-03 1.265455114292787964e-06
8.511380382023759239e+02 2.661264526516497059e-03 2.647853597342854220e-14 2.661264526490018673e-03 1.185907119590168129e-06
8.709635899560814778e+02 2.541496907457151382e-03 2.369696080175561059e-14 2.541496907433454626e-03 1.111346166753322964e-06
8.912509381337458763e+02 2.427119117525225380e-03 2.120733543176543641e-14 2.427119117504017952e-03 1.041460515993488675e-06
9.120108393559096385e+02 2.317888614606204191e-03 1.897904521972304345e-14 2.317888614587225015e-03 9.759578528521355290e-07
9.332543007969904920e+02 2.213573770098999690e-03 1.698468279389635599e-14 2.213573770082015012e-03 9.145640819213100462e-07
9.549925860214368640e+02 2.113953377905746639e-03 1.519971238762053104e-14 2.113953377890546992e-03 8.570221951898198209e-07
9.772372209558111535e+02 2.018816185508847533e-03 1.360216926586760346e-14 2.018816185495245566e-03 8.030912104177600066e-07
1.000000000000000000e+03 1.927960446141767674e-03 1.217239058036937511e-14 1.927960446129595336e-03 7.525451752236701332e-07
